0.894427 0 -0.447214 
0.913846 0.0339771 -0.404637 
0.931189 0.0700906 -0.357736 
0.94571 0.108097 -0.30651 
0.956626 0.147621 -0.251148 
0.963179 0.188149 -0.192059 
0.964711 0.229045 -0.129891 
0.960745 0.269587 -0.0655212 
0.951057 0.309017 0 
0.935718 0.346611 0.0655212 
0.915097 0.381741 0.129891 
0.889819 0.413927 0.192059 
0.860696 0.442863 0.251148 
0.828633 0.468422 0.30651 
0.794546 0.490634 0.357736 
0.759288 0.509657 0.404637 
0.723607 0.525731 0.447214 
0.701483 0.509657 0.498168 
0.6753 0.490634 0.550679 
0.644727 0.468422 0.604076 
0.609548 0.442863 0.657513 
0.569722 0.413927 0.709987 
0.525422 0.381741 0.760398 
0.47707 0.346611 0.807629 
0.425325 0.309017 0.850651 
0.371054 0.269587 0.888618 
0.315253 0.229045 0.920953 
0.258964 0.188149 0.947385 
0.203183 0.147621 0.967949 
0.148783 0.108097 0.982944 
0.0964715 0.0700906 0.992865 
0.0467655 0.0339771 0.998328 
3.7494e-33 6.12323e-17 1 
0.86708 2.32607e-18 -0.498168 
0.884943 0.0549762 -0.462443 
0.9036 0.091976 -0.418388 
0.919848 0.131049 -0.369737 
0.932887 0.17184 -0.316532 
0.9419 0.213841 -0.259029 
0.946127 0.256402 -0.19774 
0.944955 0.298754 -0.133439 
0.938001 0.340069 -0.0671337 
0.92518 0.379529 4.99985e-17 
0.906728 0.416404 0.0667194 
0.883186 0.450116 0.131827 
0.855327 0.480285 0.194272 
0.824073 0.506735 0.253226 
0.79039 0.52948 0.308114 
0.755205 0.548688 0.358618 
0.719345 0.564633 0.404637 
0.68362 0.564633 0.462443 
0.658495 0.548688 0.515097 
0.629059 0.52948 0.569153 
0.595029 0.506735 0.623828 
0.556276 0.480285 0.678147 
0.512882 0.450116 0.730991 
0.465177 0.416404 0.781165 
0.413753 0.379529 0.827506 
0.359441 0.340069 0.868997 
0.303245 0.298754 0.904869 
0.246257 0.256402 0.934674 
0.189548 0.213841 0.958302 
0.134085 0.17184 0.975957 
0.0806654 0.131049 0.988089 
0.0298848 0.091976 0.995313 
-0.0178628 0.0549762 0.998328 
0.834717 4.79839e-18 -0.550679 
0.855245 0.0568443 -0.515097 
0.871566 0.113409 -0.476981 
0.889037 0.153435 -0.43136 
0.90374 0.195379 -0.380895 
0.914839 0.238753 -0.325679 
0.921508 0.282906 -0.266061 
0.923023 0.32704 -0.202667 
0.918855 0.370268 -0.136408 
0.908755 0.411683 -0.0684244 
0.892803 0.450447 -3.38638e-17 
0.871415 0.485873 0.0675558 
0.845288 0.517485 0.13303 
0.81532 0.545041 0.195408 
0.7825 0.568519 0.25393 
0.74781 0.588087 0.308114 
0.712149 0.604043 0.357736 
0.676965 0.605533 0.418388 
0.638452 0.604043 0.476981 
0.610017 0.588087 0.531068 
0.577066 0.568519 0.586328 
0.5394 0.545041 0.641855 
0.49701 0.517485 0.696556 
0.450132 0.485873 0.749205 
0.399274 0.450447 0.798548 
0.345207 0.411683 0.843415 
0.288917 0.370268 0.882852 
0.231517 0.32704 0.916212 
0.174139 0.282906 0.943207 
0.117832 0.238753 0.963905 
0.0634824 0.195379 0.978671 
0.0117689 0.153435 0.988089 
-0.0368488 0.113409 0.992865 
0.796926 7.40032e-18 -0.604076 
0.82014 0.0586069 -0.569153 
0.839183 0.117214 -0.531068 
0.853756 0.174905 -0.490416 
0.869581 0.217834 -0.443145 
0.882271 0.262415 -0.390815 
0.890978 0.308012 -0.333597 
0.894907 0.35382 -0.271944 
0.89341 0.39891 -0.206614 
0.886084 0.442301 -0.138655 
0.872844 0.48305 -0.0693274 
0.85395 0.520355 0 
0.829986 0.553625 0.0679859 
0.801782 0.582529 0.133439 
0.770312 0.606989 0.195408 
0.736586 0.627151 0.253226 
0.701557 0.643327 0.30651 
0.667144 0.646694 0.369737 
0.629059 0.646694 0.43136 
0.587897 0.643327 0.490416 
0.555903 0.627151 0.545577 
0.519272 0.606989 0.601599 
0.477919 0.582529 0.65746 
0.431989 0.553625 0.711958 
0.381898 0.520355 0.763796 
0.328339 0.48305 0.811699 
0.272252 0.442301 0.854546 
0.214744 0.39891 0.891491 
0.156981 0.35382 0.922046 
0.100079 0.308012 0.946104 
0.0450078 0.262415 0.963905 
-0.00747231 0.217834 0.975957 
-0.0568301 0.174905 0.982944 
0.753443 1.01061e-17 -0.657513 
0.779239 0.060208 -0.623828 
0.801024 0.120751 -0.586328 
0.818365 0.180624 -0.545577 
0.831052 0.238856 -0.502295 
0.844764 0.284415 -0.453301 
0.854992 0.331232 -0.399091 
0.860914 0.378517 -0.33993 
0.861803 0.425325 -0.276393 
0.857133 0.470622 -0.209378 
0.846658 0.513375 -0.140057 
0.830474 0.552668 -0.0697925 
0.809017 0.587785 6.86156e-17 
0.783009 0.618284 0.0679859 
0.753366 0.644005 0.13303 
0.721089 0.665048 0.194272 
0.687157 0.681718 0.251148 
0.653717 0.687359 0.316532 
0.6163 0.68927 0.380895 
0.575466 0.687359 0.443145 
0.531939 0.681718 0.502295 
0.496243 0.665048 0.55808 
0.455902 0.644005 0.614338 
0.410981 0.618284 0.66994 
0.361803 0.587785 0.723607 
0.308975 0.552668 0.774011 
0.253366 0.513375 0.819909 
0.196048 0.470622 0.860279 
0.138197 0.425325 0.894427 
0.0809701 0.378517 0.922046 
0.0254065 0.331232 0.943207 
-0.0276547 0.284415 0.958302 
-0.0776089 0.238856 0.967949 
0.704215 1.28806e-17 -0.709987 
0.732341 0.0615878 -0.678147 
0.756751 0.123896 -0.641855 
0.776879 0.185844 -0.601599 
0.792374 0.246351 -0.55808 
0.80313 0.304431 -0.512156 
0.814301 0.35218 -0.461394 
0.821689 0.400663 -0.405335 
0.824538 0.448948 -0.344357 
0.822236 0.495975 -0.27917 
0.814408 0.54065 -0.210801 
0.800988 0.581952 -0.140534 
0.782249 0.619044 -0.0697925 
0.758772 0.651356 0 
0.731375 0.678621 0.0675558 
0.701006 0.700866 0.131827 
0.668637 0.718358 0.192059 
0.63632 0.726636 0.259029 
0.599784 0.730884 0.325679 
0.559528 0.730884 0.390815 
0.516254 0.726636 0.453301 
0.470806 0.718358 0.512156 
0.431409 0.700866 0.568044 
0.387505 0.678621 0.62395 
0.339333 0.651356 0.678666 
0.287408 0.619044 0.730877 
0.232515 0.581952 0.779274 
0.175668 0.54065 0.822702 
0.118018 0.495975 0.860279 
0.0607423 0.448948 0.891491 
0.00492813 0.400663 0.916212 
-0.0485167 0.35218 0.934674 
-0.0989156 0.304431 0.947385 
0.649457 1.56804e-17 -0.760398 
0.679502 0.0626873 -0.730991 
0.70626 0.126519 -0.696556 
0.729046 0.190362 -0.65746 
0.747369 0.253039 -0.614338 
0.760976 0.313437 -0.568044 
0.769873 0.370602 -0.519566 
0.778157 0.41994 -0.467036 
0.782447 0.469374 -0.409225 
0.782093 0.517855 -0.346637 
0.776629 0.564254 -0.280114 
0.765855 0.607478 -0.210801 
0.749881 0.646578 -0.140057 
0.729132 0.680853 -0.0693274 
0.704292 0.709911 0 
0.676218 0.733674 0.0667194 
0.645838 0.752344 0.129891 
0.614724 0.763553 0.19774 
0.579227 0.770524 0.266061 
0.539771 0.772891 0.333597 
0.49701 0.770524 0.399091 
0.451777 0.763553 0.461394 
0.405006 0.752344 0.519566 
0.36209 0.733674 0.57499 
0.314969 0.709911 0.629938 
0.264069 0.680853 0.683159 
0.210086 0.646578 0.733349 
0.153954 0.607478 0.779274 
0.0967772 0.564254 0.819909 
0.0397211 0.517855 0.854546 
-0.0161008 0.469374 0.882852 
-0.0697275 0.41994 0.904869 
-0.120416 0.370602 0.920953 
0.58969 1.84559e-17 -0.807629 
0.621092 0.0634539 -0.781165 
0.649754 0.128499 -0.749205 
0.6749 0.193975 -0.711958 
0.695909 0.258634 -0.66994 
0.712381 0.321247 -0.62395 
0.724179 0.380724 -0.57499 
0.73142 0.4362 -0.524169 
0.7366 0.486396 -0.469936 
0.737694 0.535966 -0.410546 
0.734189 0.583789 -0.346637 
0.725785 0.628728 -0.27917 
0.712456 0.669751 -0.209378 
0.694468 0.706038 -0.138655 
0.672354 0.73706 -0.0684244 
0.64685 0.762617 -6.66647e-17 
0.6188 0.782812 0.0655212 
0.588881 0.797128 0.133439 
0.554512 0.80712 0.202667 
0.516025 0.812259 0.271944 
0.474007 0.812259 0.33993 
0.429256 0.80712 0.405335 
0.382707 0.797128 0.467036 
0.33534 0.782812 0.524169 
0.28928 0.762617 0.57856 
0.239485 0.73706 0.631972 
0.186559 0.706038 0.683159 
0.131347 0.669751 0.730877 
0.0748838 0.628728 0.774011 
0.0182977 0.583789 0.811699 
-0.0372971 0.535966 0.843415 
-0.0909059 0.486396 0.868997 
-0.14173 0.4362 0.888618 
0.525731 2.11553e-17 -0.850651 
0.557815 0.0638479 -0.827506 
0.587785 0.129732 -0.798548 
0.614819 0.196502 -0.763796 
0.638197 0.262866 -0.723607 
0.657384 0.327503 -0.678666 
0.67209 0.389196 -0.629938 
0.682288 0.446936 -0.57856 
0.688191 0.5 -0.525731 
0.690212 0.550244 -0.469936 
0.688191 0.599106 -0.409225 
0.681771 0.64545 -0.344357 
0.67082 0.688191 -0.276393 
0.655465 0.726413 -0.206614 
0.636088 0.759464 -0.136408 
0.613283 0.787005 -0.0671337 
0.587785 0.809017 0 
0.558971 0.826465 0.0671337 
0.525731 0.839643 0.136408 
0.48831 0.847858 0.206614 
0.447214 0.850651 0.276393 
0.403181 0.847858 0.344357 
0.357121 0.839643 0.409225 
0.310026 0.826465 0.469936 
0.262866 0.809017 0.525731 
0.214222 0.787005 0.57856 
0.16246 0.759464 0.629938 
0.108331 0.726413 0.678666 
0.0527864 0.688191 0.723607 
-0.00310507 0.64545 0.763796 
-0.0582533 0.599106 0.798548 
-0.111651 0.550244 0.827506 
-0.16246 0.5 0.850651 
0.458648 2.3729e-17 -0.888618 
0.490681 0.0638479 -0.868997 
0.521259 0.130151 -0.843415 
0.549562 0.197803 -0.811699 
0.574816 0.265507 -0.774011 
0.596383 0.331883 -0.730877 
0.613832 0.395606 -0.683159 
0.626981 0.455528 -0.631972 
0.635899 0.510783 -0.57856 
0.640872 0.560829 -0.524169 
0.639851 0.610302 -0.467036 
0.634969 0.657661 -0.405335 
0.626028 0.701809 -0.33993 
0.613044 0.741771 -0.271944 
0.596263 0.776786 -0.202667 
0.576139 0.806386 -0.133439 
0.553278 0.830416 -0.0655212 
0.525404 0.850853 -4.99985e-17 
0.493217 0.867211 0.0684244 
0.456879 0.878656 0.138655 
0.41681 0.884551 0.209378 
0.373676 0.884551 0.27917 
0.328339 0.878656 0.346637 
0.281774 0.867211 0.410546 
0.234968 0.850853 0.469936 
0.18883 0.830416 0.524169 
0.138306 0.806386 0.57499 
0.0853859 0.776786 0.62395 
0.0309278 0.741771 0.66994 
-0.0240739 0.701809 0.711958 
-0.0785754 0.657661 0.749205 
-0.13158 0.610302 0.781165 
-0.182224 0.560829 0.807629 
0.389674 2.6134e-17 -0.920953 
0.420934 0.0634539 -0.904869 
0.451377 0.129732 -0.882852 
0.480234 0.197803 -0.854546 
0.506732 0.266405 -0.819909 
0.530171 0.33414 -0.779274 
0.550012 0.399607 -0.733349 
0.565928 0.46154 -0.683159 
0.577834 0.518928 -0.629938 
0.585873 0.571085 -0.57499 
0.590368 0.617671 -0.519566 
0.586575 0.665616 -0.461394 
0.579227 0.71079 -0.399091 
0.568264 0.752189 -0.333597 
0.553821 0.788983 -0.266061 
0.536222 0.820588 -0.19774 
0.515947 0.846716 -0.129891 
0.488802 0.86984 -0.0667194 
0.457527 0.889196 3.38638e-17 
0.422216 0.903841 0.0693274 
0.383206 0.912982 0.140057 
0.341084 0.916092 0.210801 
0.296646 0.912982 0.280114 
0.250829 0.903841 0.346637 
0.204612 0.889196 0.409225 
0.158923 0.86984 0.467036 
0.11456 0.846716 0.519566 
0.0629417 0.820588 0.568044 
0.00970443 0.788983 0.614338 
-0.0442429 0.752189 0.65746 
-0.0979193 0.71079 0.696556 
-0.150358 0.665616 0.730991 
-0.200693 0.617671 0.760398 
0.320098 2.83374e-17 -0.947385 
0.349935 0.0626873 -0.934674 
0.379531 0.128499 -0.916212 
0.408205 0.196502 -0.891491 
0.435231 0.265507 -0.860279 
0.459904 0.33414 -0.822702 
0.481618 0.400968 -0.779274 
0.499932 0.464636 -0.730877 
0.514617 0.524005 -0.678666 
0.525662 0.578244 -0.62395 
0.53325 0.626873 -0.568044 
0.537712 0.669748 -0.512156 
0.531541 0.71553 -0.453301 
0.522209 0.757999 -0.390815 
0.509769 0.796284 -0.325679 
0.494438 0.82972 -0.259029 
0.476579 0.857896 -0.192059 
0.44994 0.883275 -0.131827 
0.4194 0.905284 -0.0675558 
0.385003 0.922915 0 
0.347018 0.935258 0.0697925 
0.30595 0.941618 0.140534 
0.262523 0.941618 0.210801 
0.217615 0.935258 0.27917 
0.172179 0.922915 0.344357 
0.127138 0.905284 0.405335 
0.08331 0.883275 0.461394 
0.0413501 0.857896 0.512156 
-0.0105631 0.82972 0.55808 
-0.0633209 0.796284 0.601599 
-0.116017 0.757999 0.641855 
-0.167732 0.71553 0.678147 
-0.217614 0.669748 0.709987 
0.251148 3.03183e-17 -0.967949 
0.27904 0.0615878 -0.958302 
0.307169 0.126519 -0.943207 
0.33497 0.193975 -0.922046 
0.361803 0.262866 -0.894427 
0.387005 0.331883 -0.860279 
0.409955 0.399607 -0.819909 
0.43014 0.464636 -0.774011 
0.447214 0.525731 -0.723607 
0.461023 0.581926 -0.66994 
0.471604 0.632597 -0.614338 
0.479151 0.677466 -0.55808 
0.483974 0.716567 -0.502295 
0.475888 0.759706 -0.443145 
0.465087 0.799133 -0.380895 
0.451707 0.834127 -0.316532 
0.436009 0.864188 -0.251148 
0.40967 0.891307 -0.194272 
0.379682 0.915502 -0.13303 
0.34606 0.935746 -0.0679859 
0.309017 0.951057 -6.86156e-17 
0.268987 0.960612 0.0697925 
0.226617 0.963861 0.140057 
0.182719 0.960612 0.209378 
0.138197 0.951057 0.276393 
0.0939542 0.935746 0.33993 
0.050813 0.915502 0.399091 
0.00944796 0.891307 0.453301 
-0.029644 0.864188 0.502295 
-0.0811052 0.834127 0.545577 
-0.132689 0.799133 0.586328 
-0.183537 0.759706 0.623828 
-0.232827 0.716567 0.657513 
0.183906 3.20681e-17 -0.982944 
0.209482 0.060208 -0.975957 
0.235664 0.123896 -0.963905 
0.262011 0.190362 -0.946104 
0.287993 0.258634 -0.922046 
0.313027 0.327503 -0.891491 
0.336522 0.395606 -0.854546 
0.357946 0.46154 -0.811699 
0.376874 0.524005 -0.763796 
0.393037 0.581926 -0.711958 
0.406333 0.634539 -0.65746 
0.416817 0.681427 -0.601599 
0.424672 0.722495 -0.545577 
0.43017 0.757922 -0.490416 
0.420653 0.79811 -0.43136 
0.408884 0.834331 -0.369737 
0.395047 0.866019 -0.30651 
0.368838 0.894335 -0.253226 
0.339241 0.92018 -0.195408 
0.306253 0.942551 -0.133439 
0.270049 0.960443 -0.0679859 
0.231002 0.972953 0 
0.189684 0.979394 0.0693274 
0.146838 0.979394 0.138655 
0.103307 0.972953 0.206614 
0.0599613 0.960443 0.271944 
0.0176094 0.942551 0.333597 
-0.0230647 0.92018 0.390815 
-0.0615424 0.894335 0.443145 
-0.0974806 0.866019 0.490416 
-0.147845 0.834331 0.531068 
-0.197699 0.79811 0.569153 
-0.246264 0.757922 0.604076 
0.119245 3.35888e-17 -0.992865 
0.142288 0.0586069 -0.988089 
0.166199 0.120751 -0.978671 
0.190656 0.185844 -0.963905 
0.215248 0.253039 -0.943207 
0.239491 0.321247 -0.916212 
0.262866 0.389196 -0.882852 
0.284859 0.455528 -0.843415 
0.305018 0.518928 -0.798548 
0.322994 0.578244 -0.749205 
0.338573 0.632597 -0.696556 
0.351681 0.681427 -0.641855 
0.362371 0.724505 -0.586328 
0.370799 0.761889 -0.531068 
0.377187 0.793863 -0.476981 
0.366702 0.830952 -0.418388 
0.354413 0.863954 -0.357736 
0.328218 0.892938 -0.308114 
0.298888 0.919883 -0.25393 
0.266417 0.943842 -0.195408 
0.23095 0.963828 -0.13303 
0.192811 0.978908 -0.0675558 
0.152509 0.988302 0 
0.110713 0.991494 0.0684244 
0.0682041 0.988302 0.136408 
0.025804 0.978908 0.202667 
-0.0157021 0.963828 0.266061 
-0.0556327 0.943842 0.325679 
-0.0934548 0.919883 0.380895 
-0.128802 0.892938 0.43136 
-0.16147 0.863954 0.476981 
-0.210223 0.830952 0.515097 
-0.257942 0.793863 0.550679 
0.0578054 3.4891e-17 -0.998328 
0.0782395 0.0568443 -0.995313 
0.0997079 0.117214 -0.988089 
0.121995 0.180624 -0.975957 
0.144802 0.246351 -0.958302 
0.167755 0.313437 -0.934674 
0.190424 0.380724 -0.904869 
0.212352 0.446936 -0.868997 
0.233097 0.510783 -0.827506 
0.252276 0.571085 -0.781165 
0.269597 0.626873 -0.730991 
0.284879 0.677466 -0.678147 
0.298059 0.722495 -0.623828 
0.309176 0.761889 -0.569153 
0.318347 0.79582 -0.515097 
0.325748 0.824642 -0.462443 
0.314708 0.858619 -0.404637 
0.288463 0.887796 -0.358618 
0.259322 0.915324 -0.308114 
0.227281 0.94033 -0.253226 
0.192467 0.961881 -0.194272 
0.155167 0.979053 -0.131827 
0.115829 0.991026 -0.0667194 
0.0750577 0.997179 6.66647e-17 
0.0335668 0.997179 0.0671337 
-0.00787516 0.991026 0.133439 
-0.0485167 0.979053 0.19774 
-0.087688 0.961881 0.259029 
-0.124849 0.94033 0.316532 
-0.159614 0.915324 0.369737 
-0.191753 0.887796 0.418388 
-0.221177 0.858619 0.462443 
-0.267943 0.824642 0.498168 
3.7494e-33 6.12323e-17 -1 
0.0178628 0.0549762 -0.998328 
0.0368488 0.113409 -0.992865 
0.0568301 0.174905 -0.982944 
0.0776089 0.238856 -0.967949 
0.0989156 0.304431 -0.947385 
0.120416 0.370602 -0.920953 
0.14173 0.4362 -0.888618 
0.16246 0.5 -0.850651 
0.182224 0.560829 -0.807629 
0.200693 0.617671 -0.760398 
0.217614 0.669748 -0.709987 
0.232827 0.716567 -0.657513 
0.246264 0.757922 -0.604076 
0.257942 0.793863 -0.550679 
0.267943 0.824642 -0.498168 
0.276393 0.850651 -0.447214 
0.25008 0.879618 -0.404637 
0.221093 0.907272 -0.357736 
0.189434 0.932827 -0.30651 
0.155218 0.955423 -0.251148 
0.118699 0.974179 -0.192059 
0.0802774 0.988273 -0.129891 
0.0404943 0.997029 -0.0655212 
6.12323e-17 1 0 
-0.0404943 0.997029 0.0655212 
-0.0802774 0.988273 0.129891 
-0.118699 0.974179 0.192059 
-0.155218 0.955423 0.251148 
-0.189434 0.932827 0.30651 
-0.221093 0.907272 0.357736 
-0.25008 0.879618 0.404637 
-0.276393 0.850651 0.447214 
0.221177 0.858619 -0.462443 
0.191753 0.887796 -0.418388 
0.159614 0.915324 -0.369737 
0.124849 0.94033 -0.316532 
0.087688 0.961881 -0.259029 
0.0485167 0.979053 -0.19774 
0.00787516 0.991026 -0.133439 
-0.0335668 0.997179 -0.0671337 
-0.0750577 0.997179 4.99985e-17 
-0.115829 0.991026 0.0667194 
-0.155167 0.979053 0.131827 
-0.192467 0.961881 0.194272 
-0.227281 0.94033 0.253226 
-0.259322 0.915324 0.308114 
-0.288463 0.887796 0.358618 
-0.314708 0.858619 0.404637 
-0.325748 0.824642 0.462443 
-0.318347 0.79582 0.515097 
-0.309176 0.761889 0.569153 
-0.298059 0.722495 0.623828 
-0.284879 0.677466 0.678147 
-0.269597 0.626873 0.730991 
-0.252276 0.571085 0.781165 
-0.233097 0.510783 0.827506 
-0.212352 0.446936 0.868997 
-0.190424 0.380724 0.904869 
-0.167755 0.313437 0.934674 
-0.144802 0.246351 0.958302 
-0.121995 0.180624 0.975957 
-0.0997079 0.117214 0.988089 
-0.0782395 0.0568443 0.995313 
-0.0578054 7.07911e-18 0.998328 
0.210223 0.830952 -0.515097 
0.16147 0.863954 -0.476981 
0.128802 0.892938 -0.43136 
0.0934548 0.919883 -0.380895 
0.0556327 0.943842 -0.325679 
0.0157021 0.963828 -0.266061 
-0.025804 0.978908 -0.202667 
-0.0682041 0.988302 -0.136408 
-0.110713 0.991494 -0.0684244 
-0.152509 0.988302 -3.38638e-17 
-0.192811 0.978908 0.0675558 
-0.23095 0.963828 0.13303 
-0.266417 0.943842 0.195408 
-0.298888 0.919883 0.25393 
-0.328218 0.892938 0.308114 
-0.354413 0.863954 0.357736 
-0.366702 0.830952 0.418388 
-0.377187 0.793863 0.476981 
-0.370799 0.761889 0.531068 
-0.362371 0.724505 0.586328 
-0.351681 0.681427 0.641855 
-0.338573 0.632597 0.696556 
-0.322994 0.578244 0.749205 
-0.305018 0.518928 0.798548 
-0.284859 0.455528 0.843415 
-0.262866 0.389196 0.882852 
-0.239491 0.321247 0.916212 
-0.215248 0.253039 0.943207 
-0.190656 0.185844 0.963905 
-0.166199 0.120751 0.978671 
-0.142288 0.0586069 0.988089 
-0.119245 1.46033e-17 0.992865 
0.197699 0.79811 -0.569153 
0.147845 0.834331 -0.531068 
0.0974806 0.866019 -0.490416 
0.0615424 0.894335 -0.443145 
0.0230647 0.92018 -0.390815 
-0.0176094 0.942551 -0.333597 
-0.0599613 0.960443 -0.271944 
-0.103307 0.972953 -0.206614 
-0.146838 0.979394 -0.138655 
-0.189684 0.979394 -0.0693274 
-0.231002 0.972953 0 
-0.270049 0.960443 0.0679859 
-0.306253 0.942551 0.133439 
-0.339241 0.92018 0.195408 
-0.368838 0.894335 0.253226 
-0.395047 0.866019 0.30651 
-0.408884 0.834331 0.369737 
-0.420653 0.79811 0.43136 
-0.43017 0.757922 0.490416 
-0.424672 0.722495 0.545577 
-0.416817 0.681427 0.601599 
-0.406333 0.634539 0.65746 
-0.393037 0.581926 0.711958 
-0.376874 0.524005 0.763796 
-0.357946 0.46154 0.811699 
-0.336522 0.395606 0.854546 
-0.313027 0.327503 0.891491 
-0.287993 0.258634 0.922046 
-0.262011 0.190362 0.946104 
-0.235664 0.123896 0.963905 
-0.209482 0.060208 0.975957 
-0.183906 2.2522e-17 0.982944 
0.183537 0.759706 -0.623828 
0.132689 0.799133 -0.586328 
0.0811052 0.834127 -0.545577 
0.029644 0.864188 -0.502295 
-0.00944796 0.891307 -0.453301 
-0.050813 0.915502 -0.399091 
-0.0939542 0.935746 -0.33993 
-0.138197 0.951057 -0.276393 
-0.182719 0.960612 -0.209378 
-0.226617 0.963861 -0.140057 
-0.268987 0.960612 -0.0697925 
-0.309017 0.951057 6.86156e-17 
-0.34606 0.935746 0.0679859 
-0.379682 0.915502 0.13303 
-0.40967 0.891307 0.194272 
-0.436009 0.864188 0.251148 
-0.451707 0.834127 0.316532 
-0.465087 0.799133 0.380895 
-0.475888 0.759706 0.443145 
-0.483974 0.716567 0.502295 
-0.479151 0.677466 0.55808 
-0.471604 0.632597 0.614338 
-0.461023 0.581926 0.66994 
-0.447214 0.525731 0.723607 
-0.43014 0.464636 0.774011 
-0.409955 0.399607 0.819909 
-0.387005 0.331883 0.860279 
-0.361803 0.262866 0.894427 
-0.33497 0.193975 0.922046 
-0.307169 0.126519 0.943207 
-0.27904 0.0615878 0.958302 
-0.251148 3.07567e-17 0.967949 
0.167732 0.71553 -0.678147 
0.116017 0.757999 -0.641855 
0.0633209 0.796284 -0.601599 
0.0105631 0.82972 -0.55808 
-0.0413501 0.857896 -0.512156 
-0.08331 0.883275 -0.461394 
-0.127138 0.905284 -0.405335 
-0.172179 0.922915 -0.344357 
-0.217615 0.935258 -0.27917 
-0.262523 0.941618 -0.210801 
-0.30595 0.941618 -0.140534 
-0.347018 0.935258 -0.0697925 
-0.385003 0.922915 0 
-0.4194 0.905284 0.0675558 
-0.44994 0.883275 0.131827 
-0.476579 0.857896 0.192059 
-0.494438 0.82972 0.259029 
-0.509769 0.796284 0.325679 
-0.522209 0.757999 0.390815 
-0.531541 0.71553 0.453301 
-0.537712 0.669748 0.512156 
-0.53325 0.626873 0.568044 
-0.525662 0.578244 0.62395 
-0.514617 0.524005 0.678666 
-0.499932 0.464636 0.730877 
-0.481618 0.400968 0.779274 
-0.459904 0.33414 0.822702 
-0.435231 0.265507 0.860279 
-0.408205 0.196502 0.891491 
-0.379531 0.128499 0.916212 
-0.349935 0.0626873 0.934674 
-0.320098 3.92006e-17 0.947385 
0.150358 0.665616 -0.730991 
0.0979193 0.71079 -0.696556 
0.0442429 0.752189 -0.65746 
-0.00970443 0.788983 -0.614338 
-0.0629417 0.820588 -0.568044 
-0.11456 0.846716 -0.519566 
-0.158923 0.86984 -0.467036 
-0.204612 0.889196 -0.409225 
-0.250829 0.903841 -0.346637 
-0.296646 0.912982 -0.280114 
-0.341084 0.916092 -0.210801 
-0.383206 0.912982 -0.140057 
-0.422216 0.903841 -0.0693274 
-0.457527 0.889196 0 
-0.488802 0.86984 0.0667194 
-0.515947 0.846716 0.129891 
-0.536222 0.820588 0.19774 
-0.553821 0.788983 0.266061 
-0.568264 0.752189 0.333597 
-0.579227 0.71079 0.399091 
-0.586575 0.665616 0.461394 
-0.590368 0.617671 0.519566 
-0.585873 0.571085 0.57499 
-0.577834 0.518928 0.629938 
-0.565928 0.46154 0.683159 
-0.550012 0.399607 0.733349 
-0.530171 0.33414 0.779274 
-0.506732 0.266405 0.819909 
-0.480234 0.197803 0.854546 
-0.451377 0.129732 0.882852 
-0.420934 0.0634539 0.904869 
-0.389674 4.77214e-17 0.920953 
0.13158 0.610302 -0.781165 
0.0785754 0.657661 -0.749205 
0.0240739 0.701809 -0.711958 
-0.0309278 0.741771 -0.66994 
-0.0853859 0.776786 -0.62395 
-0.138306 0.806386 -0.57499 
-0.18883 0.830416 -0.524169 
-0.234968 0.850853 -0.469936 
-0.281774 0.867211 -0.410546 
-0.328339 0.878656 -0.346637 
-0.373676 0.884551 -0.27917 
-0.41681 0.884551 -0.209378 
-0.456879 0.878656 -0.138655 
-0.493217 0.867211 -0.0684244 
-0.525404 0.850853 -6.66647e-17 
-0.553278 0.830416 0.0655212 
-0.576139 0.806386 0.133439 
-0.596263 0.776786 0.202667 
-0.613044 0.741771 0.271944 
-0.626028 0.701809 0.33993 
-0.634969 0.657661 0.405335 
-0.639851 0.610302 0.467036 
-0.640872 0.560829 0.524169 
-0.635899 0.510783 0.57856 
-0.626981 0.455528 0.631972 
-0.613832 0.395606 0.683159 
-0.596383 0.331883 0.730877 
-0.574816 0.265507 0.774011 
-0.549562 0.197803 0.811699 
-0.521259 0.130151 0.843415 
-0.490681 0.0638479 0.868997 
-0.458648 5.61682e-17 0.888618 
0.111651 0.550244 -0.827506 
0.0582533 0.599106 -0.798548 
0.00310507 0.64545 -0.763796 
-0.0527864 0.688191 -0.723607 
-0.108331 0.726413 -0.678666 
-0.16246 0.759464 -0.629938 
-0.214222 0.787005 -0.57856 
-0.262866 0.809017 -0.525731 
-0.310026 0.826465 -0.469936 
-0.357121 0.839643 -0.409225 
-0.403181 0.847858 -0.344357 
-0.447214 0.850651 -0.276393 
-0.48831 0.847858 -0.206614 
-0.525731 0.839643 -0.136408 
-0.558971 0.826465 -0.0671337 
-0.587785 0.809017 0 
-0.613283 0.787005 0.0671337 
-0.636088 0.759464 0.136408 
-0.655465 0.726413 0.206614 
-0.67082 0.688191 0.276393 
-0.681771 0.64545 0.344357 
-0.688191 0.599106 0.409225 
-0.690212 0.550244 0.469936 
-0.688191 0.5 0.525731 
-0.682288 0.446936 0.57856 
-0.67209 0.389196 0.629938 
-0.657384 0.327503 0.678666 
-0.638197 0.262866 0.723607 
-0.614819 0.196502 0.763796 
-0.587785 0.129732 0.798548 
-0.557815 0.0638479 0.827506 
-0.525731 6.43835e-17 0.850651 
0.0909059 0.486396 -0.868997 
0.0372971 0.535966 -0.843415 
-0.0182977 0.583789 -0.811699 
-0.0748838 0.628728 -0.774011 
-0.131347 0.669751 -0.730877 
-0.186559 0.706038 -0.683159 
-0.239485 0.73706 -0.631972 
-0.28928 0.762617 -0.57856 
-0.33534 0.782812 -0.524169 
-0.382707 0.797128 -0.467036 
-0.429256 0.80712 -0.405335 
-0.474007 0.812259 -0.33993 
-0.516025 0.812259 -0.271944 
-0.554512 0.80712 -0.202667 
-0.588881 0.797128 -0.133439 
-0.6188 0.782812 -0.0655212 
-0.64685 0.762617 -4.99985e-17 
-0.672354 0.73706 0.0684244 
-0.694468 0.706038 0.138655 
-0.712456 0.669751 0.209378 
-0.725785 0.628728 0.27917 
-0.734189 0.583789 0.346637 
-0.737694 0.535966 0.410546 
-0.7366 0.486396 0.469936 
-0.73142 0.4362 0.524169 
-0.724179 0.380724 0.57499 
-0.712381 0.321247 0.62395 
-0.695909 0.258634 0.66994 
-0.6749 0.193975 0.711958 
-0.649754 0.128499 0.749205 
-0.621092 0.0634539 0.781165 
-0.58969 7.22162e-17 0.807629 
0.0697275 0.41994 -0.904869 
0.0161008 0.469374 -0.882852 
-0.0397211 0.517855 -0.854546 
-0.0967772 0.564254 -0.819909 
-0.153954 0.607478 -0.779274 
-0.210086 0.646578 -0.733349 
-0.264069 0.680853 -0.683159 
-0.314969 0.709911 -0.629938 
-0.36209 0.733674 -0.57499 
-0.405006 0.752344 -0.519566 
-0.451777 0.763553 -0.461394 
-0.49701 0.770524 -0.399091 
-0.539771 0.772891 -0.333597 
-0.579227 0.770524 -0.266061 
-0.614724 0.763553 -0.19774 
-0.645838 0.752344 -0.129891 
-0.676218 0.733674 -0.0667194 
-0.704292 0.709911 3.38638e-17 
-0.729132 0.680853 0.0693274 
-0.749881 0.646578 0.140057 
-0.765855 0.607478 0.210801 
-0.776629 0.564254 0.280114 
-0.782093 0.517855 0.346637 
-0.782447 0.469374 0.409225 
-0.778157 0.41994 0.467036 
-0.769873 0.370602 0.519566 
-0.760976 0.313437 0.568044 
-0.747369 0.253039 0.614338 
-0.729046 0.190362 0.65746 
-0.70626 0.126519 0.696556 
-0.679502 0.0626873 0.730991 
-0.649457 7.95356e-17 0.760398 
0.0485167 0.35218 -0.934674 
-0.00492813 0.400663 -0.916212 
-0.0607423 0.448948 -0.891491 
-0.118018 0.495975 -0.860279 
-0.175668 0.54065 -0.822702 
-0.232515 0.581952 -0.779274 
-0.287408 0.619044 -0.730877 
-0.339333 0.651356 -0.678666 
-0.387505 0.678621 -0.62395 
-0.431409 0.700866 -0.568044 
-0.470806 0.718358 -0.512156 
-0.516254 0.726636 -0.453301 
-0.559528 0.730884 -0.390815 
-0.599784 0.730884 -0.325679 
-0.63632 0.726636 -0.259029 
-0.668637 0.718358 -0.192059 
-0.701006 0.700866 -0.131827 
-0.731375 0.678621 -0.0675558 
-0.758772 0.651356 0 
-0.782249 0.619044 0.0697925 
-0.800988 0.581952 0.140534 
-0.814408 0.54065 0.210801 
-0.822236 0.495975 0.27917 
-0.824538 0.448948 0.344357 
-0.821689 0.400663 0.405335 
-0.814301 0.35218 0.461394 
-0.80313 0.304431 0.512156 
-0.792374 0.246351 0.55808 
-0.776879 0.185844 0.601599 
-0.756751 0.123896 0.641855 
-0.732341 0.0615878 0.678147 
-0.704215 8.62414e-17 0.709987 
0.0276547 0.284415 -0.958302 
-0.0254065 0.331232 -0.943207 
-0.0809701 0.378517 -0.922046 
-0.138197 0.425325 -0.894427 
-0.196048 0.470622 -0.860279 
-0.253366 0.513375 -0.819909 
-0.308975 0.552668 -0.774011 
-0.361803 0.587785 -0.723607 
-0.410981 0.618284 -0.66994 
-0.455902 0.644005 -0.614338 
-0.496243 0.665048 -0.55808 
-0.531939 0.681718 -0.502295 
-0.575466 0.687359 -0.443145 
-0.6163 0.68927 -0.380895 
-0.653717 0.687359 -0.316532 
-0.687157 0.681718 -0.251148 
-0.721089 0.665048 -0.194272 
-0.753366 0.644005 -0.13303 
-0.783009 0.618284 -0.0679859 
-0.809017 0.587785 -6.86156e-17 
-0.830474 0.552668 0.0697925 
-0.846658 0.513375 0.140057 
-0.857133 0.470622 0.209378 
-0.861803 0.425325 0.276393 
-0.860914 0.378517 0.33993 
-0.854992 0.331232 0.399091 
-0.844764 0.284415 0.453301 
-0.831052 0.238856 0.502295 
-0.818365 0.180624 0.545577 
-0.801024 0.120751 0.586328 
-0.779239 0.060208 0.623828 
-0.753443 9.22702e-17 0.657513 
0.00747231 0.217834 -0.975957 
-0.0450078 0.262415 -0.963905 
-0.100079 0.308012 -0.946104 
-0.156981 0.35382 -0.922046 
-0.214744 0.39891 -0.891491 
-0.272252 0.442301 -0.854546 
-0.328339 0.48305 -0.811699 
-0.381898 0.520355 -0.763796 
-0.431989 0.553625 -0.711958 
-0.477919 0.582529 -0.65746 
-0.519272 0.606989 -0.601599 
-0.555903 0.627151 -0.545577 
-0.587897 0.643327 -0.490416 
-0.629059 0.646694 -0.43136 
-0.667144 0.646694 -0.369737 
-0.701557 0.643327 -0.30651 
-0.736586 0.627151 -0.253226 
-0.770312 0.606989 -0.195408 
-0.801782 0.582529 -0.133439 
-0.829986 0.553625 -0.0679859 
-0.85395 0.520355 0 
-0.872844 0.48305 0.0693274 
-0.886084 0.442301 0.138655 
-0.89341 0.39891 0.206614 
-0.894907 0.35382 0.271944 
-0.890978 0.308012 0.333597 
-0.882271 0.262415 0.390815 
-0.869581 0.217834 0.443145 
-0.853756 0.174905 0.490416 
-0.839183 0.117214 0.531068 
-0.82014 0.0586069 0.569153 
-0.796926 9.75953e-17 0.604076 
-0.0117689 0.153435 -0.988089 
-0.0634824 0.195379 -0.978671 
-0.117832 0.238753 -0.963905 
-0.174139 0.282906 -0.943207 
-0.231517 0.32704 -0.916212 
-0.288917 0.370268 -0.882852 
-0.345207 0.411683 -0.843415 
-0.399274 0.450447 -0.798548 
-0.450132 0.485873 -0.749205 
-0.49701 0.517485 -0.696556 
-0.5394 0.545041 -0.641855 
-0.577066 0.568519 -0.586328 
-0.610017 0.588087 -0.531068 
-0.638452 0.604043 -0.476981 
-0.676965 0.605533 -0.418388 
-0.712149 0.604043 -0.357736 
-0.74781 0.588087 -0.308114 
-0.7825 0.568519 -0.25393 
-0.81532 0.545041 -0.195408 
-0.845288 0.517485 -0.13303 
-0.871415 0.485873 -0.0675558 
-0.892803 0.450447 0 
-0.908755 0.411683 0.0684244 
-0.918855 0.370268 0.136408 
-0.923023 0.32704 0.202667 
-0.921508 0.282906 0.266061 
-0.914839 0.238753 0.325679 
-0.90374 0.195379 0.380895 
-0.889037 0.153435 0.43136 
-0.871566 0.113409 0.476981 
-0.855245 0.0568443 0.515097 
-0.834717 1.02223e-16 0.550679 
-0.0298848 0.091976 -0.995313 
-0.0806654 0.131049 -0.988089 
-0.134085 0.17184 -0.975957 
-0.189548 0.213841 -0.958302 
-0.246257 0.256402 -0.934674 
-0.303245 0.298754 -0.904869 
-0.359441 0.340069 -0.868997 
-0.413753 0.379529 -0.827506 
-0.465177 0.416404 -0.781165 
-0.512882 0.450116 -0.730991 
-0.556276 0.480285 -0.678147 
-0.595029 0.506735 -0.623828 
-0.629059 0.52948 -0.569153 
-0.658495 0.548688 -0.515097 
-0.68362 0.564633 -0.462443 
-0.719345 0.564633 -0.404637 
-0.755205 0.548688 -0.358618 
-0.79039 0.52948 -0.308114 
-0.824073 0.506735 -0.253226 
-0.855327 0.480285 -0.194272 
-0.883186 0.450116 -0.131827 
-0.906728 0.416404 -0.0667194 
-0.92518 0.379529 6.66647e-17 
-0.938001 0.340069 0.0671337 
-0.944955 0.298754 0.133439 
-0.946127 0.256402 0.19774 
-0.9419 0.213841 0.259029 
-0.932887 0.17184 0.316532 
-0.919848 0.131049 0.369737 
-0.9036 0.091976 0.418388 
-0.884943 0.0549762 0.462443 
-0.86708 1.06187e-16 0.498168 
-0.0467655 0.0339771 -0.998328 
-0.0964715 0.0700906 -0.992865 
-0.148783 0.108097 -0.982944 
-0.203183 0.147621 -0.967949 
-0.258964 0.188149 -0.947385 
-0.315253 0.229045 -0.920953 
-0.371054 0.269587 -0.888618 
-0.425325 0.309017 -0.850651 
-0.47707 0.346611 -0.807629 
-0.525422 0.381741 -0.760398 
-0.569722 0.413927 -0.709987 
-0.609548 0.442863 -0.657513 
-0.644727 0.468422 -0.604076 
-0.6753 0.490634 -0.550679 
-0.701483 0.509657 -0.498168 
-0.723607 0.525731 -0.447214 
-0.759288 0.509657 -0.404637 
-0.794546 0.490634 -0.357736 
-0.828633 0.468422 -0.30651 
-0.860696 0.442863 -0.251148 
-0.889819 0.413927 -0.192059 
-0.915097 0.381741 -0.129891 
-0.935718 0.346611 -0.0655212 
-0.951057 0.309017 0 
-0.960745 0.269587 0.0655212 
-0.964711 0.229045 0.129891 
-0.963179 0.188149 0.192059 
-0.956626 0.147621 0.251148 
-0.94571 0.108097 0.30651 
-0.931189 0.0700906 0.357736 
-0.913846 0.0339771 0.404637 
-0.894427 1.09536e-16 0.447214 
-0.748248 0.47568 -0.462443 
-0.78509 0.456712 -0.418388 
-0.821201 0.434652 -0.369737 
-0.855726 0.409316 -0.316532 
-0.887706 0.380634 -0.259029 
-0.916142 0.348686 -0.19774 
-0.940088 0.313734 -0.133439 
-0.958746 0.276221 -0.0671337 
-0.971568 0.236761 4.99985e-17 
-0.978315 0.196083 0.0667194 
-0.979084 0.154972 0.131827 
-0.974279 0.11419 0.194272 
-0.96454 0.0744211 0.253226 
-0.95066 0.036221 0.308114 
-0.933484 1.14319e-16 0.358618 
-0.913846 -0.0339771 0.404637 
-0.884943 -0.0549762 0.462443 
-0.855245 -0.0568443 0.515097 
-0.82014 -0.0586069 0.569153 
-0.779239 -0.060208 0.623828 
-0.732341 -0.0615878 0.678147 
-0.679502 -0.0626873 0.730991 
-0.621092 -0.0634539 0.781165 
-0.557815 -0.0638479 0.827506 
-0.490681 -0.0638479 0.868997 
-0.420934 -0.0634539 0.904869 
-0.349935 -0.0626873 0.934674 
-0.27904 -0.0615878 0.958302 
-0.209482 -0.060208 0.975957 
-0.142288 -0.0586069 0.988089 
-0.0782395 -0.0568443 0.995313 
-0.0178628 -0.0549762 0.998328 
-0.72532 0.456712 -0.515097 
-0.771772 0.420544 -0.476981 
-0.809432 0.398431 -0.43136 
-0.845982 0.37314 -0.380895 
-0.880456 0.344573 -0.325679 
-0.911803 0.312773 -0.266061 
-0.93897 0.277958 -0.202667 
-0.961007 0.240536 -0.136408 
-0.977179 0.201094 -0.0684244 
-0.987059 0.160357 -3.38638e-17 
-0.990578 0.119125 0.0675558 
-0.988023 0.0781932 0.13303 
-0.979975 0.0382859 0.195408 
-0.967223 1.18451e-16 0.25393 
-0.95066 -0.036221 0.308114 
-0.931189 -0.0700906 0.357736 
-0.9036 -0.091976 0.418388 
-0.871566 -0.113409 0.476981 
-0.839183 -0.117214 0.531068 
-0.801024 -0.120751 0.586328 
-0.756751 -0.123896 0.641855 
-0.70626 -0.126519 0.696556 
-0.649754 -0.128499 0.749205 
-0.587785 -0.129732 0.798548 
-0.521259 -0.130151 0.843415 
-0.451377 -0.129732 0.882852 
-0.379531 -0.128499 0.916212 
-0.307169 -0.126519 0.943207 
-0.235664 -0.123896 0.963905 
-0.166199 -0.120751 0.978671 
-0.0997079 -0.117214 0.988089 
-0.0368488 -0.113409 0.992865 
-0.697956 0.434652 -0.569153 
-0.74781 0.398431 -0.531068 
-0.79351 0.360324 -0.490416 
-0.831546 0.334895 -0.443145 
-0.868016 0.306287 -0.390815 
-0.901861 0.274517 -0.333597 
-0.931965 0.239767 -0.271944 
-0.957257 0.202408 -0.206614 
-0.976835 0.162998 -0.138655 
-0.990075 0.122249 -0.0693274 
-0.996717 0.0809633 0 
-0.996886 0.0399611 0.0679859 
-0.991057 1.21369e-16 0.133439 
-0.979975 -0.0382859 0.195408 
-0.96454 -0.0744211 0.253226 
-0.94571 -0.108097 0.30651 
-0.919848 -0.131049 0.369737 
-0.889037 -0.153435 0.43136 
-0.853756 -0.174905 0.490416 
-0.818365 -0.180624 0.545577 
-0.776879 -0.185844 0.601599 
-0.729046 -0.190362 0.65746 
-0.6749 -0.193975 0.711958 
-0.614819 -0.196502 0.763796 
-0.549562 -0.197803 0.811699 
-0.480234 -0.197803 0.854546 
-0.408205 -0.196502 0.891491 
-0.33497 -0.193975 0.922046 
-0.262011 -0.190362 0.946104 
-0.190656 -0.185844 0.963905 
-0.121995 -0.180624 0.975957 
-0.0568301 -0.174905 0.982944 
-0.665807 0.409316 -0.623828 
-0.719017 0.37314 -0.586328 
-0.768239 0.334895 -0.545577 
-0.812731 0.295242 -0.502295 
-0.850603 0.266444 -0.453301 
-0.886397 0.23458 -0.399091 
-0.918981 0.199806 -0.33993 
-0.947214 0.16246 -0.276393 
-0.970059 0.123069 -0.209378 
-0.986715 0.0823236 -0.140057 
-0.996718 0.041023 -0.0697925 
-1 1.22465e-16 6.86156e-17 
-0.996886 -0.0399611 0.0679859 
-0.988023 -0.0781932 0.13303 
-0.974279 -0.11419 0.194272 
-0.956626 -0.147621 0.251148 
-0.932887 -0.17184 0.316532 
-0.90374 -0.195379 0.380895 
-0.869581 -0.217834 0.443145 
-0.831052 -0.238856 0.502295 
-0.792374 -0.246351 0.55808 
-0.747369 -0.253039 0.614338 
-0.695909 -0.258634 0.66994 
-0.638197 -0.262866 0.723607 
-0.574816 -0.265507 0.774011 
-0.506732 -0.266405 0.819909 
-0.435231 -0.265507 0.860279 
-0.361803 -0.262866 0.894427 
-0.287993 -0.258634 0.922046 
-0.215248 -0.253039 0.943207 
-0.144802 -0.246351 0.958302 
-0.0776089 -0.238856 0.967949 
-0.628677 0.380634 -0.678147 
-0.685048 0.344573 -0.641855 
-0.737744 0.306287 -0.601599 
-0.785846 0.266444 -0.55808 
-0.828686 0.225778 -0.512156 
-0.865789 0.193715 -0.461394 
-0.900264 0.158833 -0.405335 
-0.930951 0.121445 -0.344357 
-0.95673 0.082046 -0.27917 
-0.976656 0.041302 -0.210801 
-0.990076 1.21249e-16 -0.140534 
-0.996718 -0.041023 -0.0697925 
-0.996717 -0.0809633 0 
-0.990578 -0.119125 0.0675558 
-0.979084 -0.154972 0.131827 
-0.963179 -0.188149 0.192059 
-0.9419 -0.213841 0.259029 
-0.914839 -0.238753 0.325679 
-0.882271 -0.262415 0.390815 
-0.844764 -0.284415 0.453301 
-0.80313 -0.304431 0.512156 
-0.760976 -0.313437 0.568044 
-0.712381 -0.321247 0.62395 
-0.657384 -0.327503 0.678666 
-0.596383 -0.331883 0.730877 
-0.530171 -0.33414 0.779274 
-0.459904 -0.33414 0.822702 
-0.387005 -0.331883 0.860279 
-0.313027 -0.327503 0.891491 
-0.239491 -0.321247 0.916212 
-0.167755 -0.313437 0.934674 
-0.0989156 -0.304431 0.947385 
-0.586575 0.348686 -0.730991 
-0.645743 0.312773 -0.696556 
-0.701703 0.274517 -0.65746 
-0.753366 0.23458 -0.614338 
-0.799876 0.193715 -0.568044 
-0.840675 0.152697 -0.519566 
-0.876377 0.11765 -0.467036 
-0.908904 0.0801787 -0.409225 
-0.937114 0.0407496 -0.346637 
-0.959967 1.17562e-16 -0.280114 
-0.976656 -0.041302 -0.210801 
-0.986715 -0.0823236 -0.140057 
-0.990075 -0.122249 -0.0693274 
-0.987059 -0.160357 0 
-0.978315 -0.196083 0.0667194 
-0.964711 -0.229045 0.129891 
-0.946127 -0.256402 0.19774 
-0.921508 -0.282906 0.266061 
-0.890978 -0.308012 0.333597 
-0.854992 -0.331232 0.399091 
-0.814301 -0.35218 0.461394 
-0.769873 -0.370602 0.519566 
-0.724179 -0.380724 0.57499 
-0.67209 -0.389196 0.629938 
-0.613832 -0.395606 0.683159 
-0.550012 -0.399607 0.733349 
-0.481618 -0.400968 0.779274 
-0.409955 -0.399607 0.819909 
-0.336522 -0.395606 0.854546 
-0.262866 -0.389196 0.882852 
-0.190424 -0.380724 0.904869 
-0.120416 -0.370602 0.920953 
-0.539771 0.313734 -0.781165 
-0.601191 0.277958 -0.749205 
-0.660021 0.239767 -0.711958 
-0.715023 0.199806 -0.66994 
-0.765153 0.158833 -0.62395 
-0.809657 0.11765 -0.57499 
-0.848124 0.0770247 -0.524169 
-0.881818 0.0394602 -0.469936 
-0.91184 1.11668e-16 -0.410546 
-0.937114 -0.0407496 -0.346637 
-0.95673 -0.082046 -0.27917 
-0.970059 -0.123069 -0.209378 
-0.976835 -0.162998 -0.138655 
-0.977179 -0.201094 -0.0684244 
-0.971568 -0.236761 -6.66647e-17 
-0.960745 -0.269587 0.0655212 
-0.944955 -0.298754 0.133439 
-0.923023 -0.32704 0.202667 
-0.894907 -0.35382 0.271944 
-0.860914 -0.378517 0.33993 
-0.821689 -0.400663 0.405335 
-0.778157 -0.41994 0.467036 
-0.73142 -0.4362 0.524169 
-0.682288 -0.446936 0.57856 
-0.626981 -0.455528 0.631972 
-0.565928 -0.46154 0.683159 
-0.499932 -0.464636 0.730877 
-0.43014 -0.464636 0.774011 
-0.357946 -0.46154 0.811699 
-0.284859 -0.455528 0.843415 
-0.212352 -0.446936 0.868997 
-0.14173 -0.4362 0.888618 
-0.488811 0.276221 -0.827506 
-0.551783 0.240536 -0.798548 
-0.6129 0.202408 -0.763796 
-0.67082 0.16246 -0.723607 
-0.724336 0.121445 -0.678666 
-0.772496 0.0801787 -0.629938 
-0.814684 0.0394602 -0.57856 
-0.850651 1.04175e-16 -0.525731 
-0.881818 -0.0394602 -0.469936 
-0.908904 -0.0801787 -0.409225 
-0.930951 -0.121445 -0.344357 
-0.947214 -0.16246 -0.276393 
-0.957257 -0.202408 -0.206614 
-0.961007 -0.240536 -0.136408 
-0.958746 -0.276221 -0.0671337 
-0.951057 -0.309017 0 
-0.938001 -0.340069 0.0671337 
-0.918855 -0.370268 0.136408 
-0.89341 -0.39891 0.206614 
-0.861803 -0.425325 0.276393 
-0.824538 -0.448948 0.344357 
-0.782447 -0.469374 0.409225 
-0.7366 -0.486396 0.469936 
-0.688191 -0.5 0.525731 
-0.635899 -0.510783 0.57856 
-0.577834 -0.518928 0.629938 
-0.514617 -0.524005 0.678666 
-0.447214 -0.525731 0.723607 
-0.376874 -0.524005 0.763796 
-0.305018 -0.518928 0.798548 
-0.233097 -0.510783 0.827506 
-0.16246 -0.5 0.850651 
-0.434498 0.236761 -0.868997 
-0.498208 0.201094 -0.843415 
-0.56087 0.162998 -0.811699 
-0.621097 0.123069 -0.774011 
-0.67756 0.082046 -0.730877 
-0.729132 0.0407496 -0.683159 
-0.774991 9.4909e-17 -0.631972 
-0.814684 -0.0394602 -0.57856 
-0.848124 -0.0770247 -0.524169 
-0.876377 -0.11765 -0.467036 
-0.900264 -0.158833 -0.405335 
-0.918981 -0.199806 -0.33993 
-0.931965 -0.239767 -0.271944 
-0.93897 -0.277958 -0.202667 
-0.940088 -0.313734 -0.133439 
-0.935718 -0.346611 -0.0655212 
-0.92518 -0.379529 -4.99985e-17 
-0.908755 -0.411683 0.0684244 
-0.886084 -0.442301 0.138655 
-0.857133 -0.470622 0.209378 
-0.822236 -0.495975 0.27917 
-0.782093 -0.517855 0.346637 
-0.737694 -0.535966 0.410546 
-0.690212 -0.550244 0.469936 
-0.640872 -0.560829 0.524169 
-0.585873 -0.571085 0.57499 
-0.525662 -0.578244 0.62395 
-0.461023 -0.581926 0.66994 
-0.393037 -0.581926 0.711958 
-0.322994 -0.578244 0.749205 
-0.252276 -0.571085 0.781165 
-0.182224 -0.560829 0.807629 
-0.37784 0.196083 -0.904869 
-0.441426 0.160357 -0.882852 
-0.504783 0.122249 -0.854546 
-0.566543 0.0823236 -0.819909 
-0.62532 0.041302 -0.779274 
-0.679852 8.32579e-17 -0.733349 
-0.729132 -0.0407496 -0.683159 
-0.772496 -0.0801787 -0.629938 
-0.809657 -0.11765 -0.57499 
-0.840675 -0.152697 -0.519566 
-0.865789 -0.193715 -0.461394 
-0.886397 -0.23458 -0.399091 
-0.901861 -0.274517 -0.333597 
-0.911803 -0.312773 -0.266061 
-0.916142 -0.348686 -0.19774 
-0.915097 -0.381741 -0.129891 
-0.906728 -0.416404 -0.0667194 
-0.892803 -0.450447 3.38638e-17 
-0.872844 -0.48305 0.0693274 
-0.846658 -0.513375 0.140057 
-0.814408 -0.54065 0.210801 
-0.776629 -0.564254 0.280114 
-0.734189 -0.583789 0.346637 
-0.688191 -0.599106 0.409225 
-0.639851 -0.610302 0.467036 
-0.590368 -0.617671 0.519566 
-0.53325 -0.626873 0.568044 
-0.471604 -0.632597 0.614338 
-0.406333 -0.634539 0.65746 
-0.338573 -0.632597 0.696556 
-0.269597 -0.626873 0.730991 
-0.200693 -0.617671 0.760398 
-0.31995 0.154972 -0.934674 
-0.382576 0.119125 -0.916212 
-0.445745 0.0809633 -0.891491 
-0.50817 0.041023 -0.860279 
-0.568473 6.96179e-17 -0.822702 
-0.62532 -0.041302 -0.779274 
-0.67756 -0.082046 -0.730877 
-0.724336 -0.121445 -0.678666 
-0.765153 -0.158833 -0.62395 
-0.799876 -0.193715 -0.568044 
-0.828686 -0.225778 -0.512156 
-0.850603 -0.266444 -0.453301 
-0.868016 -0.306287 -0.390815 
-0.880456 -0.344573 -0.325679 
-0.887706 -0.380634 -0.259029 
-0.889819 -0.413927 -0.192059 
-0.883186 -0.450116 -0.131827 
-0.871415 -0.485873 -0.0675558 
-0.85395 -0.520355 0 
-0.830474 -0.552668 0.0697925 
-0.800988 -0.581952 0.140534 
-0.765855 -0.607478 0.210801 
-0.725785 -0.628728 0.27917 
-0.681771 -0.64545 0.344357 
-0.634969 -0.657661 0.405335 
-0.586575 -0.665616 0.461394 
-0.537712 -0.669748 0.512156 
-0.479151 -0.677466 0.55808 
-0.416817 -0.681427 0.601599 
-0.351681 -0.681427 0.641855 
-0.284879 -0.677466 0.678147 
-0.217614 -0.669748 0.709987 
-0.261949 0.11419 -0.958302 
-0.322871 0.0781932 -0.943207 
-0.385012 0.0399611 -0.922046 
-0.447214 5.47679e-17 -0.894427 
-0.50817 -0.041023 -0.860279 
-0.566543 -0.0823236 -0.819909 
-0.621097 -0.123069 -0.774011 
-0.67082 -0.16246 -0.723607 
-0.715023 -0.199806 -0.66994 
-0.753366 -0.23458 -0.614338 
-0.785846 -0.266444 -0.55808 
-0.812731 -0.295242 -0.502295 
-0.831546 -0.334895 -0.443145 
-0.845982 -0.37314 -0.380895 
-0.855726 -0.409316 -0.316532 
-0.860696 -0.442863 -0.251148 
-0.855327 -0.480285 -0.194272 
-0.845288 -0.517485 -0.13303 
-0.829986 -0.553625 -0.0679859 
-0.809017 -0.587785 -6.86156e-17 
-0.782249 -0.619044 0.0697925 
-0.749881 -0.646578 0.140057 
-0.712456 -0.669751 0.209378 
-0.67082 -0.688191 0.276393 
-0.626028 -0.701809 0.33993 
-0.579227 -0.71079 0.399091 
-0.531541 -0.71553 0.453301 
-0.483974 -0.716567 0.502295 
-0.424672 -0.722495 0.545577 
-0.362371 -0.724505 0.586328 
-0.298059 -0.722495 0.623828 
-0.232827 -0.716567 0.657513 
-0.204864 0.0744211 -0.975957 
-0.26348 0.0382859 -0.963905 
-0.323863 3.96618e-17 -0.946104 
-0.385012 -0.0399611 -0.922046 
-0.445745 -0.0809633 -0.891491 
-0.504783 -0.122249 -0.854546 
-0.56087 -0.162998 -0.811699 
-0.6129 -0.202408 -0.763796 
-0.660021 -0.239767 -0.711958 
-0.701703 -0.274517 -0.65746 
-0.737744 -0.306287 -0.601599 
-0.768239 -0.334895 -0.545577 
-0.79351 -0.360324 -0.490416 
-0.809432 -0.398431 -0.43136 
-0.821201 -0.434652 -0.369737 
-0.828633 -0.468422 -0.30651 
-0.824073 -0.506735 -0.253226 
-0.81532 -0.545041 -0.195408 
-0.801782 -0.582529 -0.133439 
-0.783009 -0.618284 -0.0679859 
-0.758772 -0.651356 0 
-0.729132 -0.680853 0.0693274 
-0.694468 -0.706038 0.138655 
-0.655465 -0.726413 0.206614 
-0.613044 -0.741771 0.271944 
-0.568264 -0.752189 0.333597 
-0.522209 -0.757999 0.390815 
-0.475888 -0.759706 0.443145 
-0.43017 -0.757922 0.490416 
-0.370799 -0.761889 0.531068 
-0.309176 -0.761889 0.569153 
-0.246264 -0.757922 0.604076 
-0.149562 0.036221 -0.988089 
-0.205433 2.51583e-17 -0.978671 
-0.26348 -0.0382859 -0.963905 
-0.322871 -0.0781932 -0.943207 
-0.382576 -0.119125 -0.916212 
-0.441426 -0.160357 -0.882852 
-0.498208 -0.201094 -0.843415 
-0.551783 -0.240536 -0.798548 
-0.601191 -0.277958 -0.749205 
-0.645743 -0.312773 -0.696556 
-0.685048 -0.344573 -0.641855 
-0.719017 -0.37314 -0.586328 
-0.74781 -0.398431 -0.531068 
-0.771772 -0.420544 -0.476981 
-0.78509 -0.456712 -0.418388 
-0.794546 -0.490634 -0.357736 
-0.79039 -0.52948 -0.308114 
-0.7825 -0.568519 -0.25393 
-0.770312 -0.606989 -0.195408 
-0.753366 -0.644005 -0.13303 
-0.731375 -0.678621 -0.0675558 
-0.704292 -0.709911 0 
-0.672354 -0.73706 0.0684244 
-0.636088 -0.759464 0.136408 
-0.596263 -0.776786 0.202667 
-0.553821 -0.788983 0.266061 
-0.509769 -0.796284 0.325679 
-0.465087 -0.799133 0.380895 
-0.420653 -0.79811 0.43136 
-0.377187 -0.793863 0.476981 
-0.318347 -0.79582 0.515097 
-0.257942 -0.793863 0.550679 
-0.0967093 1.18435e-17 -0.995313 
-0.149562 -0.036221 -0.988089 
-0.204864 -0.0744211 -0.975957 
-0.261949 -0.11419 -0.958302 
-0.31995 -0.154972 -0.934674 
-0.37784 -0.196083 -0.904869 
-0.434498 -0.236761 -0.868997 
-0.488811 -0.276221 -0.827506 
-0.539771 -0.313734 -0.781165 
-0.586575 -0.348686 -0.730991 
-0.628677 -0.380634 -0.678147 
-0.665807 -0.409316 -0.623828 
-0.697956 -0.434652 -0.569153 
-0.72532 -0.456712 -0.515097 
-0.748248 -0.47568 -0.462443 
-0.759288 -0.509657 -0.404637 
-0.755205 -0.548688 -0.358618 
-0.74781 -0.588087 -0.308114 
-0.736586 -0.627151 -0.253226 
-0.721089 -0.665048 -0.194272 
-0.701006 -0.700866 -0.131827 
-0.676218 -0.733674 -0.0667194 
-0.64685 -0.762617 6.66647e-17 
-0.613283 -0.787005 0.0671337 
-0.576139 -0.806386 0.133439 
-0.536222 -0.820588 0.19774 
-0.494438 -0.82972 0.259029 
-0.451707 -0.834127 0.316532 
-0.408884 -0.834331 0.369737 
-0.366702 -0.830952 0.418388 
-0.325748 -0.824642 0.462443 
-0.267943 -0.824642 0.498168 
-0.0467655 -0.0339771 -0.998328 
-0.0964715 -0.0700906 -0.992865 
-0.148783 -0.108097 -0.982944 
-0.203183 -0.147621 -0.967949 
-0.258964 -0.188149 -0.947385 
-0.315253 -0.229045 -0.920953 
-0.371054 -0.269587 -0.888618 
-0.425325 -0.309017 -0.850651 
-0.47707 -0.346611 -0.807629 
-0.525422 -0.381741 -0.760398 
-0.569722 -0.413927 -0.709987 
-0.609548 -0.442863 -0.657513 
-0.644727 -0.468422 -0.604076 
-0.6753 -0.490634 -0.550679 
-0.701483 -0.509657 -0.498168 
-0.723607 -0.525731 -0.447214 
-0.719345 -0.564633 -0.404637 
-0.712149 -0.604043 -0.357736 
-0.701557 -0.643327 -0.30651 
-0.687157 -0.681718 -0.251148 
-0.668637 -0.718358 -0.192059 
-0.645838 -0.752344 -0.129891 
-0.6188 -0.782812 -0.0655212 
-0.587785 -0.809017 0 
-0.553278 -0.830416 0.0655212 
-0.515947 -0.846716 0.129891 
-0.476579 -0.857896 0.192059 
-0.436009 -0.864188 0.251148 
-0.395047 -0.866019 0.30651 
-0.354413 -0.863954 0.357736 
-0.314708 -0.858619 0.404637 
-0.276393 -0.850651 0.447214 
-0.68362 -0.564633 -0.462443 
-0.676965 -0.605533 -0.418388 
-0.667144 -0.646694 -0.369737 
-0.653717 -0.687359 -0.316532 
-0.63632 -0.726636 -0.259029 
-0.614724 -0.763553 -0.19774 
-0.588881 -0.797128 -0.133439 
-0.558971 -0.826465 -0.0671337 
-0.525404 -0.850853 4.99985e-17 
-0.488802 -0.86984 0.0667194 
-0.44994 -0.883275 0.131827 
-0.40967 -0.891307 0.194272 
-0.368838 -0.894335 0.253226 
-0.328218 -0.892938 0.308114 
-0.288463 -0.887796 0.358618 
-0.25008 -0.879618 0.404637 
-0.221177 -0.858619 0.462443 
-0.210223 -0.830952 0.515097 
-0.197699 -0.79811 0.569153 
-0.183537 -0.759706 0.623828 
-0.167732 -0.71553 0.678147 
-0.150358 -0.665616 0.730991 
-0.13158 -0.610302 0.781165 
-0.111651 -0.550244 0.827506 
-0.0909059 -0.486396 0.868997 
-0.0697275 -0.41994 0.904869 
-0.0485167 -0.35218 0.934674 
-0.0276547 -0.284415 0.958302 
-0.00747231 -0.217834 0.975957 
0.0117689 -0.153435 0.988089 
0.0298848 -0.091976 0.995313 
0.0467655 -0.0339771 0.998328 
-0.658495 -0.548688 -0.515097 
-0.638452 -0.604043 -0.476981 
-0.629059 -0.646694 -0.43136 
-0.6163 -0.68927 -0.380895 
-0.599784 -0.730884 -0.325679 
-0.579227 -0.770524 -0.266061 
-0.554512 -0.80712 -0.202667 
-0.525731 -0.839643 -0.136408 
-0.493217 -0.867211 -0.0684244 
-0.457527 -0.889196 -3.38638e-17 
-0.4194 -0.905284 0.0675558 
-0.379682 -0.915502 0.13303 
-0.339241 -0.92018 0.195408 
-0.298888 -0.919883 0.25393 
-0.259322 -0.915324 0.308114 
-0.221093 -0.907272 0.357736 
-0.191753 -0.887796 0.418388 
-0.16147 -0.863954 0.476981 
-0.147845 -0.834331 0.531068 
-0.132689 -0.799133 0.586328 
-0.116017 -0.757999 0.641855 
-0.0979193 -0.71079 0.696556 
-0.0785754 -0.657661 0.749205 
-0.0582533 -0.599106 0.798548 
-0.0372971 -0.535966 0.843415 
-0.0161008 -0.469374 0.882852 
0.00492813 -0.400663 0.916212 
0.0254065 -0.331232 0.943207 
0.0450078 -0.262415 0.963905 
0.0634824 -0.195379 0.978671 
0.0806654 -0.131049 0.988089 
0.0964715 -0.0700906 0.992865 
-0.629059 -0.52948 -0.569153 
-0.610017 -0.588087 -0.531068 
-0.587897 -0.643327 -0.490416 
-0.575466 -0.687359 -0.443145 
-0.559528 -0.730884 -0.390815 
-0.539771 -0.772891 -0.333597 
-0.516025 -0.812259 -0.271944 
-0.48831 -0.847858 -0.206614 
-0.456879 -0.878656 -0.138655 
-0.422216 -0.903841 -0.0693274 
-0.385003 -0.922915 0 
-0.34606 -0.935746 0.0679859 
-0.306253 -0.942551 0.133439 
-0.266417 -0.943842 0.195408 
-0.227281 -0.94033 0.253226 
-0.189434 -0.932827 0.30651 
-0.159614 -0.915324 0.369737 
-0.128802 -0.892938 0.43136 
-0.0974806 -0.866019 0.490416 
-0.0811052 -0.834127 0.545577 
-0.0633209 -0.796284 0.601599 
-0.0442429 -0.752189 0.65746 
-0.0240739 -0.701809 0.711958 
-0.00310507 -0.64545 0.763796 
0.0182977 -0.583789 0.811699 
0.0397211 -0.517855 0.854546 
0.0607423 -0.448948 0.891491 
0.0809701 -0.378517 0.922046 
0.100079 -0.308012 0.946104 
0.117832 -0.238753 0.963905 
0.134085 -0.17184 0.975957 
0.148783 -0.108097 0.982944 
-0.595029 -0.506735 -0.623828 
-0.577066 -0.568519 -0.586328 
-0.555903 -0.627151 -0.545577 
-0.531939 -0.681718 -0.502295 
-0.516254 -0.726636 -0.453301 
-0.49701 -0.770524 -0.399091 
-0.474007 -0.812259 -0.33993 
-0.447214 -0.850651 -0.276393 
-0.41681 -0.884551 -0.209378 
-0.383206 -0.912982 -0.140057 
-0.347018 -0.935258 -0.0697925 
-0.309017 -0.951057 6.86156e-17 
-0.270049 -0.960443 0.0679859 
-0.23095 -0.963828 0.13303 
-0.192467 -0.961881 0.194272 
-0.155218 -0.955423 0.251148 
-0.124849 -0.94033 0.316532 
-0.0934548 -0.919883 0.380895 
-0.0615424 -0.894335 0.443145 
-0.029644 -0.864188 0.502295 
-0.0105631 -0.82972 0.55808 
0.00970443 -0.788983 0.614338 
0.0309278 -0.741771 0.66994 
0.0527864 -0.688191 0.723607 
0.0748838 -0.628728 0.774011 
0.0967772 -0.564254 0.819909 
0.118018 -0.495975 0.860279 
0.138197 -0.425325 0.894427 
0.156981 -0.35382 0.922046 
0.174139 -0.282906 0.943207 
0.189548 -0.213841 0.958302 
0.203183 -0.147621 0.967949 
-0.556276 -0.480285 -0.678147 
-0.5394 -0.545041 -0.641855 
-0.519272 -0.606989 -0.601599 
-0.496243 -0.665048 -0.55808 
-0.470806 -0.718358 -0.512156 
-0.451777 -0.763553 -0.461394 
-0.429256 -0.80712 -0.405335 
-0.403181 -0.847858 -0.344357 
-0.373676 -0.884551 -0.27917 
-0.341084 -0.916092 -0.210801 
-0.30595 -0.941618 -0.140534 
-0.268987 -0.960612 -0.0697925 
-0.231002 -0.972953 0 
-0.192811 -0.978908 0.0675558 
-0.155167 -0.979053 0.131827 
-0.118699 -0.974179 0.192059 
-0.087688 -0.961881 0.259029 
-0.0556327 -0.943842 0.325679 
-0.0230647 -0.92018 0.390815 
0.00944796 -0.891307 0.453301 
0.0413501 -0.857896 0.512156 
0.0629417 -0.820588 0.568044 
0.0853859 -0.776786 0.62395 
0.108331 -0.726413 0.678666 
0.131347 -0.669751 0.730877 
0.153954 -0.607478 0.779274 
0.175668 -0.54065 0.822702 
0.196048 -0.470622 0.860279 
0.214744 -0.39891 0.891491 
0.231517 -0.32704 0.916212 
0.246257 -0.256402 0.934674 
0.258964 -0.188149 0.947385 
-0.512882 -0.450116 -0.730991 
-0.49701 -0.517485 -0.696556 
-0.477919 -0.582529 -0.65746 
-0.455902 -0.644005 -0.614338 
-0.431409 -0.700866 -0.568044 
-0.405006 -0.752344 -0.519566 
-0.382707 -0.797128 -0.467036 
-0.357121 -0.839643 -0.409225 
-0.328339 -0.878656 -0.346637 
-0.296646 -0.912982 -0.280114 
-0.262523 -0.941618 -0.210801 
-0.226617 -0.963861 -0.140057 
-0.189684 -0.979394 -0.0693274 
-0.152509 -0.988302 0 
-0.115829 -0.991026 0.0667194 
-0.0802774 -0.988273 0.129891 
-0.0485167 -0.979053 0.19774 
-0.0157021 -0.963828 0.266061 
0.0176094 -0.942551 0.333597 
0.050813 -0.915502 0.399091 
0.08331 -0.883275 0.461394 
0.11456 -0.846716 0.519566 
0.138306 -0.806386 0.57499 
0.16246 -0.759464 0.629938 
0.186559 -0.706038 0.683159 
0.210086 -0.646578 0.733349 
0.232515 -0.581952 0.779274 
0.253366 -0.513375 0.819909 
0.272252 -0.442301 0.854546 
0.288917 -0.370268 0.882852 
0.303245 -0.298754 0.904869 
0.315253 -0.229045 0.920953 
-0.465177 -0.416404 -0.781165 
-0.450132 -0.485873 -0.749205 
-0.431989 -0.553625 -0.711958 
-0.410981 -0.618284 -0.66994 
-0.387505 -0.678621 -0.62395 
-0.36209 -0.733674 -0.57499 
-0.33534 -0.782812 -0.524169 
-0.310026 -0.826465 -0.469936 
-0.281774 -0.867211 -0.410546 
-0.250829 -0.903841 -0.346637 
-0.217615 -0.935258 -0.27917 
-0.182719 -0.960612 -0.209378 
-0.146838 -0.979394 -0.138655 
-0.110713 -0.991494 -0.0684244 
-0.0750577 -0.997179 -6.66647e-17 
-0.0404943 -0.997029 0.0655212 
-0.00787516 -0.991026 0.133439 
0.025804 -0.978908 0.202667 
0.0599613 -0.960443 0.271944 
0.0939542 -0.935746 0.33993 
0.127138 -0.905284 0.405335 
0.158923 -0.86984 0.467036 
0.18883 -0.830416 0.524169 
0.214222 -0.787005 0.57856 
0.239485 -0.73706 0.631972 
0.264069 -0.680853 0.683159 
0.287408 -0.619044 0.730877 
0.308975 -0.552668 0.774011 
0.328339 -0.48305 0.811699 
0.345207 -0.411683 0.843415 
0.359441 -0.340069 0.868997 
0.371054 -0.269587 0.888618 
-0.413753 -0.379529 -0.827506 
-0.399274 -0.450447 -0.798548 
-0.381898 -0.520355 -0.763796 
-0.361803 -0.587785 -0.723607 
-0.339333 -0.651356 -0.678666 
-0.314969 -0.709911 -0.629938 
-0.28928 -0.762617 -0.57856 
-0.262866 -0.809017 -0.525731 
-0.234968 -0.850853 -0.469936 
-0.204612 -0.889196 -0.409225 
-0.172179 -0.922915 -0.344357 
-0.138197 -0.951057 -0.276393 
-0.103307 -0.972953 -0.206614 
-0.0682041 -0.988302 -0.136408 
-0.0335668 -0.997179 -0.0671337 
-3.82857e-16 -1 0 
0.0335668 -0.997179 0.0671337 
0.0682041 -0.988302 0.136408 
0.103307 -0.972953 0.206614 
0.138197 -0.951057 0.276393 
0.172179 -0.922915 0.344357 
0.204612 -0.889196 0.409225 
0.234968 -0.850853 0.469936 
0.262866 -0.809017 0.525731 
0.28928 -0.762617 0.57856 
0.314969 -0.709911 0.629938 
0.339333 -0.651356 0.678666 
0.361803 -0.587785 0.723607 
0.381898 -0.520355 0.763796 
0.399274 -0.450447 0.798548 
0.413753 -0.379529 0.827506 
0.425325 -0.309017 0.850651 
-0.359441 -0.340069 -0.868997 
-0.345207 -0.411683 -0.843415 
-0.328339 -0.48305 -0.811699 
-0.308975 -0.552668 -0.774011 
-0.287408 -0.619044 -0.730877 
-0.264069 -0.680853 -0.683159 
-0.239485 -0.73706 -0.631972 
-0.214222 -0.787005 -0.57856 
-0.18883 -0.830416 -0.524169 
-0.158923 -0.86984 -0.467036 
-0.127138 -0.905284 -0.405335 
-0.0939542 -0.935746 -0.33993 
-0.0599613 -0.960443 -0.271944 
-0.025804 -0.978908 -0.202667 
0.00787516 -0.991026 -0.133439 
0.0404943 -0.997029 -0.0655212 
0.0750577 -0.997179 -4.99985e-17 
0.110713 -0.991494 0.0684244 
0.146838 -0.979394 0.138655 
0.182719 -0.960612 0.209378 
0.217615 -0.935258 0.27917 
0.250829 -0.903841 0.346637 
0.281774 -0.867211 0.410546 
0.310026 -0.826465 0.469936 
0.33534 -0.782812 0.524169 
0.36209 -0.733674 0.57499 
0.387505 -0.678621 0.62395 
0.410981 -0.618284 0.66994 
0.431989 -0.553625 0.711958 
0.450132 -0.485873 0.749205 
0.465177 -0.416404 0.781165 
0.47707 -0.346611 0.807629 
-0.303245 -0.298754 -0.904869 
-0.288917 -0.370268 -0.882852 
-0.272252 -0.442301 -0.854546 
-0.253366 -0.513375 -0.819909 
-0.232515 -0.581952 -0.779274 
-0.210086 -0.646578 -0.733349 
-0.186559 -0.706038 -0.683159 
-0.16246 -0.759464 -0.629938 
-0.138306 -0.806386 -0.57499 
-0.11456 -0.846716 -0.519566 
-0.08331 -0.883275 -0.461394 
-0.050813 -0.915502 -0.399091 
-0.0176094 -0.942551 -0.333597 
0.0157021 -0.963828 -0.266061 
0.0485167 -0.979053 -0.19774 
0.0802774 -0.988273 -0.129891 
0.115829 -0.991026 -0.0667194 
0.152509 -0.988302 3.38638e-17 
0.189684 -0.979394 0.0693274 
0.226617 -0.963861 0.140057 
0.262523 -0.941618 0.210801 
0.296646 -0.912982 0.280114 
0.328339 -0.878656 0.346637 
0.357121 -0.839643 0.409225 
0.382707 -0.797128 0.467036 
0.405006 -0.752344 0.519566 
0.431409 -0.700866 0.568044 
0.455902 -0.644005 0.614338 
0.477919 -0.582529 0.65746 
0.49701 -0.517485 0.696556 
0.512882 -0.450116 0.730991 
0.525422 -0.381741 0.760398 
-0.246257 -0.256402 -0.934674 
-0.231517 -0.32704 -0.916212 
-0.214744 -0.39891 -0.891491 
-0.196048 -0.470622 -0.860279 
-0.175668 -0.54065 -0.822702 
-0.153954 -0.607478 -0.779274 
-0.131347 -0.669751 -0.730877 
-0.108331 -0.726413 -0.678666 
-0.0853859 -0.776786 -0.62395 
-0.0629417 -0.820588 -0.568044 
-0.0413501 -0.857896 -0.512156 
-0.00944796 -0.891307 -0.453301 
0.0230647 -0.92018 -0.390815 
0.0556327 -0.943842 -0.325679 
0.087688 -0.961881 -0.259029 
0.118699 -0.974179 -0.192059 
0.155167 -0.979053 -0.131827 
0.192811 -0.978908 -0.0675558 
0.231002 -0.972953 0 
0.268987 -0.960612 0.0697925 
0.30595 -0.941618 0.140534 
0.341084 -0.916092 0.210801 
0.373676 -0.884551 0.27917 
0.403181 -0.847858 0.344357 
0.429256 -0.80712 0.405335 
0.451777 -0.763553 0.461394 
0.470806 -0.718358 0.512156 
0.496243 -0.665048 0.55808 
0.519272 -0.606989 0.601599 
0.5394 -0.545041 0.641855 
0.556276 -0.480285 0.678147 
0.569722 -0.413927 0.709987 
-0.189548 -0.213841 -0.958302 
-0.174139 -0.282906 -0.943207 
-0.156981 -0.35382 -0.922046 
-0.138197 -0.425325 -0.894427 
-0.118018 -0.495975 -0.860279 
-0.0967772 -0.564254 -0.819909 
-0.0748838 -0.628728 -0.774011 
-0.0527864 -0.688191 -0.723607 
-0.0309278 -0.741771 -0.66994 
-0.00970443 -0.788983 -0.614338 
0.0105631 -0.82972 -0.55808 
0.029644 -0.864188 -0.502295 
0.0615424 -0.894335 -0.443145 
0.0934548 -0.919883 -0.380895 
0.124849 -0.94033 -0.316532 
0.155218 -0.955423 -0.251148 
0.192467 -0.961881 -0.194272 
0.23095 -0.963828 -0.13303 
0.270049 -0.960443 -0.0679859 
0.309017 -0.951057 -6.86156e-17 
0.347018 -0.935258 0.0697925 
0.383206 -0.912982 0.140057 
0.41681 -0.884551 0.209378 
0.447214 -0.850651 0.276393 
0.474007 -0.812259 0.33993 
0.49701 -0.770524 0.399091 
0.516254 -0.726636 0.453301 
0.531939 -0.681718 0.502295 
0.555903 -0.627151 0.545577 
0.577066 -0.568519 0.586328 
0.595029 -0.506735 0.623828 
0.609548 -0.442863 0.657513 
-0.134085 -0.17184 -0.975957 
-0.117832 -0.238753 -0.963905 
-0.100079 -0.308012 -0.946104 
-0.0809701 -0.378517 -0.922046 
-0.0607423 -0.448948 -0.891491 
-0.0397211 -0.517855 -0.854546 
-0.0182977 -0.583789 -0.811699 
0.00310507 -0.64545 -0.763796 
0.0240739 -0.701809 -0.711958 
0.0442429 -0.752189 -0.65746 
0.0633209 -0.796284 -0.601599 
0.0811052 -0.834127 -0.545577 
0.0974806 -0.866019 -0.490416 
0.128802 -0.892938 -0.43136 
0.159614 -0.915324 -0.369737 
0.189434 -0.932827 -0.30651 
0.227281 -0.94033 -0.253226 
0.266417 -0.943842 -0.195408 
0.306253 -0.942551 -0.133439 
0.34606 -0.935746 -0.0679859 
0.385003 -0.922915 0 
0.422216 -0.903841 0.0693274 
0.456879 -0.878656 0.138655 
0.48831 -0.847858 0.206614 
0.516025 -0.812259 0.271944 
0.539771 -0.772891 0.333597 
0.559528 -0.730884 0.390815 
0.575466 -0.687359 0.443145 
0.587897 -0.643327 0.490416 
0.610017 -0.588087 0.531068 
0.629059 -0.52948 0.569153 
0.644727 -0.468422 0.604076 
-0.0806654 -0.131049 -0.988089 
-0.0634824 -0.195379 -0.978671 
-0.0450078 -0.262415 -0.963905 
-0.0254065 -0.331232 -0.943207 
-0.00492813 -0.400663 -0.916212 
0.0161008 -0.469374 -0.882852 
0.0372971 -0.535966 -0.843415 
0.0582533 -0.599106 -0.798548 
0.0785754 -0.657661 -0.749205 
0.0979193 -0.71079 -0.696556 
0.116017 -0.757999 -0.641855 
0.132689 -0.799133 -0.586328 
0.147845 -0.834331 -0.531068 
0.16147 -0.863954 -0.476981 
0.191753 -0.887796 -0.418388 
0.221093 -0.907272 -0.357736 
0.259322 -0.915324 -0.308114 
0.298888 -0.919883 -0.25393 
0.339241 -0.92018 -0.195408 
0.379682 -0.915502 -0.13303 
0.4194 -0.905284 -0.0675558 
0.457527 -0.889196 0 
0.493217 -0.867211 0.0684244 
0.525731 -0.839643 0.136408 
0.554512 -0.80712 0.202667 
0.579227 -0.770524 0.266061 
0.599784 -0.730884 0.325679 
0.6163 -0.68927 0.380895 
0.629059 -0.646694 0.43136 
0.638452 -0.604043 0.476981 
0.658495 -0.548688 0.515097 
0.6753 -0.490634 0.550679 
-0.0298848 -0.091976 -0.995313 
-0.0117689 -0.153435 -0.988089 
0.00747231 -0.217834 -0.975957 
0.0276547 -0.284415 -0.958302 
0.0485167 -0.35218 -0.934674 
0.0697275 -0.41994 -0.904869 
0.0909059 -0.486396 -0.868997 
0.111651 -0.550244 -0.827506 
0.13158 -0.610302 -0.781165 
0.150358 -0.665616 -0.730991 
0.167732 -0.71553 -0.678147 
0.183537 -0.759706 -0.623828 
0.197699 -0.79811 -0.569153 
0.210223 -0.830952 -0.515097 
0.221177 -0.858619 -0.462443 
0.25008 -0.879618 -0.404637 
0.288463 -0.887796 -0.358618 
0.328218 -0.892938 -0.308114 
0.368838 -0.894335 -0.253226 
0.40967 -0.891307 -0.194272 
0.44994 -0.883275 -0.131827 
0.488802 -0.86984 -0.0667194 
0.525404 -0.850853 6.66647e-17 
0.558971 -0.826465 0.0671337 
0.588881 -0.797128 0.133439 
0.614724 -0.763553 0.19774 
0.63632 -0.726636 0.259029 
0.653717 -0.687359 0.316532 
0.667144 -0.646694 0.369737 
0.676965 -0.605533 0.418388 
0.68362 -0.564633 0.462443 
0.701483 -0.509657 0.498168 
0.0178628 -0.0549762 -0.998328 
0.0368488 -0.113409 -0.992865 
0.0568301 -0.174905 -0.982944 
0.0776089 -0.238856 -0.967949 
0.0989156 -0.304431 -0.947385 
0.120416 -0.370602 -0.920953 
0.14173 -0.4362 -0.888618 
0.16246 -0.5 -0.850651 
0.182224 -0.560829 -0.807629 
0.200693 -0.617671 -0.760398 
0.217614 -0.669748 -0.709987 
0.232827 -0.716567 -0.657513 
0.246264 -0.757922 -0.604076 
0.257942 -0.793863 -0.550679 
0.267943 -0.824642 -0.498168 
0.276393 -0.850651 -0.447214 
0.314708 -0.858619 -0.404637 
0.354413 -0.863954 -0.357736 
0.395047 -0.866019 -0.30651 
0.436009 -0.864188 -0.251148 
0.476579 -0.857896 -0.192059 
0.515947 -0.846716 -0.129891 
0.553278 -0.830416 -0.0655212 
0.587785 -0.809017 0 
0.6188 -0.782812 0.0655212 
0.645838 -0.752344 0.129891 
0.668637 -0.718358 0.192059 
0.687157 -0.681718 0.251148 
0.701557 -0.643327 0.30651 
0.712149 -0.604043 0.357736 
0.719345 -0.564633 0.404637 
0.723607 -0.525731 0.447214 
0.325748 -0.824642 -0.462443 
0.366702 -0.830952 -0.418388 
0.408884 -0.834331 -0.369737 
0.451707 -0.834127 -0.316532 
0.494438 -0.82972 -0.259029 
0.536222 -0.820588 -0.19774 
0.576139 -0.806386 -0.133439 
0.613283 -0.787005 -0.0671337 
0.64685 -0.762617 4.99985e-17 
0.676218 -0.733674 0.0667194 
0.701006 -0.700866 0.131827 
0.721089 -0.665048 0.194272 
0.736586 -0.627151 0.253226 
0.74781 -0.588087 0.308114 
0.755205 -0.548688 0.358618 
0.759288 -0.509657 0.404637 
0.748248 -0.47568 0.462443 
0.72532 -0.456712 0.515097 
0.697956 -0.434652 0.569153 
0.665807 -0.409316 0.623828 
0.628677 -0.380634 0.678147 
0.586575 -0.348686 0.730991 
0.539771 -0.313734 0.781165 
0.488811 -0.276221 0.827506 
0.434498 -0.236761 0.868997 
0.37784 -0.196083 0.904869 
0.31995 -0.154972 0.934674 
0.261949 -0.11419 0.958302 
0.204864 -0.0744211 0.975957 
0.149562 -0.036221 0.988089 
0.0967093 -3.7095e-17 0.995313 
0.318347 -0.79582 -0.515097 
0.377187 -0.793863 -0.476981 
0.420653 -0.79811 -0.43136 
0.465087 -0.799133 -0.380895 
0.509769 -0.796284 -0.325679 
0.553821 -0.788983 -0.266061 
0.596263 -0.776786 -0.202667 
0.636088 -0.759464 -0.136408 
0.672354 -0.73706 -0.0684244 
0.704292 -0.709911 -3.38638e-17 
0.731375 -0.678621 0.0675558 
0.753366 -0.644005 0.13303 
0.770312 -0.606989 0.195408 
0.7825 -0.568519 0.25393 
0.79039 -0.52948 0.308114 
0.794546 -0.490634 0.357736 
0.78509 -0.456712 0.418388 
0.771772 -0.420544 0.476981 
0.74781 -0.398431 0.531068 
0.719017 -0.37314 0.586328 
0.685048 -0.344573 0.641855 
0.645743 -0.312773 0.696556 
0.601191 -0.277958 0.749205 
0.551783 -0.240536 0.798548 
0.498208 -0.201094 0.843415 
0.441426 -0.160357 0.882852 
0.382576 -0.119125 0.916212 
0.322871 -0.0781932 0.943207 
0.26348 -0.0382859 0.963905 
0.205433 -7.87987e-17 0.978671 
0.149562 0.036221 0.988089 
0.309176 -0.761889 -0.569153 
0.370799 -0.761889 -0.531068 
0.43017 -0.757922 -0.490416 
0.475888 -0.759706 -0.443145 
0.522209 -0.757999 -0.390815 
0.568264 -0.752189 -0.333597 
0.613044 -0.741771 -0.271944 
0.655465 -0.726413 -0.206614 
0.694468 -0.706038 -0.138655 
0.729132 -0.680853 -0.0693274 
0.758772 -0.651356 0 
0.783009 -0.618284 0.0679859 
0.801782 -0.582529 0.133439 
0.81532 -0.545041 0.195408 
0.824073 -0.506735 0.253226 
0.828633 -0.468422 0.30651 
0.821201 -0.434652 0.369737 
0.809432 -0.398431 0.43136 
0.79351 -0.360324 0.490416 
0.768239 -0.334895 0.545577 
0.737744 -0.306287 0.601599 
0.701703 -0.274517 0.65746 
0.660021 -0.239767 0.711958 
0.6129 -0.202408 0.763796 
0.56087 -0.162998 0.811699 
0.504783 -0.122249 0.854546 
0.445745 -0.0809633 0.891491 
0.385012 -0.0399611 0.922046 
0.323863 -1.32507e-16 0.946104 
0.26348 0.0382859 0.963905 
0.204864 0.0744211 0.975957 
0.298059 -0.722495 -0.623828 
0.362371 -0.724505 -0.586328 
0.424672 -0.722495 -0.545577 
0.483974 -0.716567 -0.502295 
0.531541 -0.71553 -0.453301 
0.579227 -0.71079 -0.399091 
0.626028 -0.701809 -0.33993 
0.67082 -0.688191 -0.276393 
0.712456 -0.669751 -0.209378 
0.749881 -0.646578 -0.140057 
0.782249 -0.619044 -0.0697925 
0.809017 -0.587785 6.86156e-17 
0.829986 -0.553625 0.0679859 
0.845288 -0.517485 0.13303 
0.855327 -0.480285 0.194272 
0.860696 -0.442863 0.251148 
0.855726 -0.409316 0.316532 
0.845982 -0.37314 0.380895 
0.831546 -0.334895 0.443145 
0.812731 -0.295242 0.502295 
0.785846 -0.266444 0.55808 
0.753366 -0.23458 0.614338 
0.715023 -0.199806 0.66994 
0.67082 -0.16246 0.723607 
0.621097 -0.123069 0.774011 
0.566543 -0.0823236 0.819909 
0.50817 -0.041023 0.860279 
0.447214 -1.71539e-16 0.894427 
0.385012 0.0399611 0.922046 
0.322871 0.0781932 0.943207 
0.261949 0.11419 0.958302 
0.284879 -0.677466 -0.678147 
0.351681 -0.681427 -0.641855 
0.416817 -0.681427 -0.601599 
0.479151 -0.677466 -0.55808 
0.537712 -0.669748 -0.512156 
0.586575 -0.665616 -0.461394 
0.634969 -0.657661 -0.405335 
0.681771 -0.64545 -0.344357 
0.725785 -0.628728 -0.27917 
0.765855 -0.607478 -0.210801 
0.800988 -0.581952 -0.140534 
0.830474 -0.552668 -0.0697925 
0.85395 -0.520355 0 
0.871415 -0.485873 0.0675558 
0.883186 -0.450116 0.131827 
0.889819 -0.413927 0.192059 
0.887706 -0.380634 0.259029 
0.880456 -0.344573 0.325679 
0.868016 -0.306287 0.390815 
0.850603 -0.266444 0.453301 
0.828686 -0.225778 0.512156 
0.799876 -0.193715 0.568044 
0.765153 -0.158833 0.62395 
0.724336 -0.121445 0.678666 
0.67756 -0.082046 0.730877 
0.62532 -0.041302 0.779274 
0.568473 -1.39552e-16 0.822702 
0.50817 0.041023 0.860279 
0.445745 0.0809633 0.891491 
0.382576 0.119125 0.916212 
0.31995 0.154972 0.934674 
0.269597 -0.626873 -0.730991 
0.338573 -0.632597 -0.696556 
0.406333 -0.634539 -0.65746 
0.471604 -0.632597 -0.614338 
0.53325 -0.626873 -0.568044 
0.590368 -0.617671 -0.519566 
0.639851 -0.610302 -0.467036 
0.688191 -0.599106 -0.409225 
0.734189 -0.583789 -0.346637 
0.776629 -0.564254 -0.280114 
0.814408 -0.54065 -0.210801 
0.846658 -0.513375 -0.140057 
0.872844 -0.48305 -0.0693274 
0.892803 -0.450447 0 
0.906728 -0.416404 0.0667194 
0.915097 -0.381741 0.129891 
0.916142 -0.348686 0.19774 
0.911803 -0.312773 0.266061 
0.901861 -0.274517 0.333597 
0.886397 -0.23458 0.399091 
0.865789 -0.193715 0.461394 
0.840675 -0.152697 0.519566 
0.809657 -0.11765 0.57499 
0.772496 -0.0801787 0.629938 
0.729132 -0.0407496 0.683159 
0.679852 -2.08618e-16 0.733349 
0.62532 0.041302 0.779274 
0.566543 0.0823236 0.819909 
0.504783 0.122249 0.854546 
0.441426 0.160357 0.882852 
0.37784 0.196083 0.904869 
0.252276 -0.571085 -0.781165 
0.322994 -0.578244 -0.749205 
0.393037 -0.581926 -0.711958 
0.461023 -0.581926 -0.66994 
0.525662 -0.578244 -0.62395 
0.585873 -0.571085 -0.57499 
0.640872 -0.560829 -0.524169 
0.690212 -0.550244 -0.469936 
0.737694 -0.535966 -0.410546 
0.782093 -0.517855 -0.346637 
0.822236 -0.495975 -0.27917 
0.857133 -0.470622 -0.209378 
0.886084 -0.442301 -0.138655 
0.908755 -0.411683 -0.0684244 
0.92518 -0.379529 -6.66647e-17 
0.935718 -0.346611 0.0655212 
0.940088 -0.313734 0.133439 
0.93897 -0.277958 0.202667 
0.931965 -0.239767 0.271944 
0.918981 -0.199806 0.33993 
0.900264 -0.158833 0.405335 
0.876377 -0.11765 0.467036 
0.848124 -0.0770247 0.524169 
0.814684 -0.0394602 0.57856 
0.774991 -2.37812e-16 0.631972 
0.729132 0.0407496 0.683159 
0.67756 0.082046 0.730877 
0.621097 0.123069 0.774011 
0.56087 0.162998 0.811699 
0.498208 0.201094 0.843415 
0.434498 0.236761 0.868997 
0.233097 -0.510783 -0.827506 
0.305018 -0.518928 -0.798548 
0.376874 -0.524005 -0.763796 
0.447214 -0.525731 -0.723607 
0.514617 -0.524005 -0.678666 
0.577834 -0.518928 -0.629938 
0.635899 -0.510783 -0.57856 
0.688191 -0.5 -0.525731 
0.7366 -0.486396 -0.469936 
0.782447 -0.469374 -0.409225 
0.824538 -0.448948 -0.344357 
0.861803 -0.425325 -0.276393 
0.89341 -0.39891 -0.206614 
0.918855 -0.370268 -0.136408 
0.938001 -0.340069 -0.0671337 
0.951057 -0.309017 0 
0.958746 -0.276221 0.0671337 
0.961007 -0.240536 0.136408 
0.957257 -0.202408 0.206614 
0.947214 -0.16246 0.276393 
0.930951 -0.121445 0.344357 
0.908904 -0.0801787 0.409225 
0.881818 -0.0394602 0.469936 
0.850651 -2.61029e-16 0.525731 
0.814684 0.0394602 0.57856 
0.772496 0.0801787 0.629938 
0.724336 0.121445 0.678666 
0.67082 0.16246 0.723607 
0.6129 0.202408 0.763796 
0.551783 0.240536 0.798548 
0.488811 0.276221 0.827506 
0.212352 -0.446936 -0.868997 
0.284859 -0.455528 -0.843415 
0.357946 -0.46154 -0.811699 
0.43014 -0.464636 -0.774011 
0.499932 -0.464636 -0.730877 
0.565928 -0.46154 -0.683159 
0.626981 -0.455528 -0.631972 
0.682288 -0.446936 -0.57856 
0.73142 -0.4362 -0.524169 
0.778157 -0.41994 -0.467036 
0.821689 -0.400663 -0.405335 
0.860914 -0.378517 -0.33993 
0.894907 -0.35382 -0.271944 
0.923023 -0.32704 -0.202667 
0.944955 -0.298754 -0.133439 
0.960745 -0.269587 -0.0655212 
0.971568 -0.236761 -4.99985e-17 
0.977179 -0.201094 0.0684244 
0.976835 -0.162998 0.138655 
0.970059 -0.123069 0.209378 
0.95673 -0.082046 0.27917 
0.937114 -0.0407496 0.346637 
0.91184 -2.37812e-16 0.410546 
0.881818 0.0394602 0.469936 
0.848124 0.0770247 0.524169 
0.809657 0.11765 0.57499 
0.765153 0.158833 0.62395 
0.715023 0.199806 0.66994 
0.660021 0.239767 0.711958 
0.601191 0.277958 0.749205 
0.539771 0.313734 0.781165 
0.190424 -0.380724 -0.904869 
0.262866 -0.389196 -0.882852 
0.336522 -0.395606 -0.854546 
0.409955 -0.399607 -0.819909 
0.481618 -0.400968 -0.779274 
0.550012 -0.399607 -0.733349 
0.613832 -0.395606 -0.683159 
0.67209 -0.389196 -0.629938 
0.724179 -0.380724 -0.57499 
0.769873 -0.370602 -0.519566 
0.814301 -0.35218 -0.461394 
0.854992 -0.331232 -0.399091 
0.890978 -0.308012 -0.333597 
0.921508 -0.282906 -0.266061 
0.946127 -0.256402 -0.19774 
0.964711 -0.229045 -0.129891 
0.978315 -0.196083 -0.0667194 
0.987059 -0.160357 3.38638e-17 
0.990075 -0.122249 0.0693274 
0.986715 -0.0823236 0.140057 
0.976656 -0.041302 0.210801 
0.959967 -2.78158e-16 0.280114 
0.937114 0.0407496 0.346637 
0.908904 0.0801787 0.409225 
0.876377 0.11765 0.467036 
0.840675 0.152697 0.519566 
0.799876 0.193715 0.568044 
0.753366 0.23458 0.614338 
0.701703 0.274517 0.65746 
0.645743 0.312773 0.696556 
0.586575 0.348686 0.730991 
0.167755 -0.313437 -0.934674 
0.239491 -0.321247 -0.916212 
0.313027 -0.327503 -0.891491 
0.387005 -0.331883 -0.860279 
0.459904 -0.33414 -0.822702 
0.530171 -0.33414 -0.779274 
0.596383 -0.331883 -0.730877 
0.657384 -0.327503 -0.678666 
0.712381 -0.321247 -0.62395 
0.760976 -0.313437 -0.568044 
0.80313 -0.304431 -0.512156 
0.844764 -0.284415 -0.453301 
0.882271 -0.262415 -0.390815 
0.914839 -0.238753 -0.325679 
0.9419 -0.213841 -0.259029 
0.963179 -0.188149 -0.192059 
0.979084 -0.154972 -0.131827 
0.990578 -0.119125 -0.0675558 
0.996717 -0.0809633 0 
0.996718 -0.041023 0.0697925 
0.990076 -2.79105e-16 0.140534 
0.976656 0.041302 0.210801 
0.95673 0.082046 0.27917 
0.930951 0.121445 0.344357 
0.900264 0.158833 0.405335 
0.865789 0.193715 0.461394 
0.828686 0.225778 0.512156 
0.785846 0.266444 0.55808 
0.737744 0.306287 0.601599 
0.685048 0.344573 0.641855 
0.628677 0.380634 0.678147 
0.144802 -0.246351 -0.958302 
0.215248 -0.253039 -0.943207 
0.287993 -0.258634 -0.922046 
0.361803 -0.262866 -0.894427 
0.435231 -0.265507 -0.860279 
0.506732 -0.266405 -0.819909 
0.574816 -0.265507 -0.774011 
0.638197 -0.262866 -0.723607 
0.695909 -0.258634 -0.66994 
0.747369 -0.253039 -0.614338 
0.792374 -0.246351 -0.55808 
0.831052 -0.238856 -0.502295 
0.869581 -0.217834 -0.443145 
0.90374 -0.195379 -0.380895 
0.932887 -0.17184 -0.316532 
0.956626 -0.147621 -0.251148 
0.974279 -0.11419 -0.194272 
0.988023 -0.0781932 -0.13303 
0.996886 -0.0399611 -0.0679859 
1 -2.40154e-16 -6.86156e-17 
0.996718 0.041023 0.0697925 
0.986715 0.0823236 0.140057 
0.970059 0.123069 0.209378 
0.947214 0.16246 0.276393 
0.918981 0.199806 0.33993 
0.886397 0.23458 0.399091 
0.850603 0.266444 0.453301 
0.812731 0.295242 0.502295 
0.768239 0.334895 0.545577 
0.719017 0.37314 0.586328 
0.665807 0.409316 0.623828 
0.121995 -0.180624 -0.975957 
0.190656 -0.185844 -0.963905 
0.262011 -0.190362 -0.946104 
0.33497 -0.193975 -0.922046 
0.408205 -0.196502 -0.891491 
0.480234 -0.197803 -0.854546 
0.549562 -0.197803 -0.811699 
0.614819 -0.196502 -0.763796 
0.6749 -0.193975 -0.711958 
0.729046 -0.190362 -0.65746 
0.776879 -0.185844 -0.601599 
0.818365 -0.180624 -0.545577 
0.853756 -0.174905 -0.490416 
0.889037 -0.153435 -0.43136 
0.919848 -0.131049 -0.369737 
0.94571 -0.108097 -0.30651 
0.96454 -0.0744211 -0.253226 
0.979975 -0.0382859 -0.195408 
0.991057 -2.65013e-16 -0.133439 
0.996886 0.0399611 -0.0679859 
0.996717 0.0809633 0 
0.990075 0.122249 0.0693274 
0.976835 0.162998 0.138655 
0.957257 0.202408 0.206614 
0.931965 0.239767 0.271944 
0.901861 0.274517 0.333597 
0.868016 0.306287 0.390815 
0.831546 0.334895 0.443145 
0.79351 0.360324 0.490416 
0.74781 0.398431 0.531068 
0.697956 0.434652 0.569153 
0.0997079 -0.117214 -0.988089 
0.166199 -0.120751 -0.978671 
0.235664 -0.123896 -0.963905 
0.307169 -0.126519 -0.943207 
0.379531 -0.128499 -0.916212 
0.451377 -0.129732 -0.882852 
0.521259 -0.130151 -0.843415 
0.587785 -0.129732 -0.798548 
0.649754 -0.128499 -0.749205 
0.70626 -0.126519 -0.696556 
0.756751 -0.123896 -0.641855 
0.801024 -0.120751 -0.586328 
0.839183 -0.117214 -0.531068 
0.871566 -0.113409 -0.476981 
0.9036 -0.091976 -0.418388 
0.931189 -0.0700906 -0.357736 
0.95066 -0.036221 -0.308114 
0.967223 -2.36396e-16 -0.25393 
0.979975 0.0382859 -0.195408 
0.988023 0.0781932 -0.13303 
0.990578 0.119125 -0.0675558 
0.987059 0.160357 0 
0.977179 0.201094 0.0684244 
0.961007 0.240536 0.136408 
0.93897 0.277958 0.202667 
0.911803 0.312773 0.266061 
0.880456 0.344573 0.325679 
0.845982 0.37314 0.380895 
0.809432 0.398431 0.43136 
0.771772 0.420544 0.476981 
0.72532 0.456712 0.515097 
0.0782395 -0.0568443 -0.995313 
0.142288 -0.0586069 -0.988089 
0.209482 -0.060208 -0.975957 
0.27904 -0.0615878 -0.958302 
0.349935 -0.0626873 -0.934674 
0.420934 -0.0634539 -0.904869 
0.490681 -0.0638479 -0.868997 
0.557815 -0.0638479 -0.827506 
0.621092 -0.0634539 -0.781165 
0.679502 -0.0626873 -0.730991 
0.732341 -0.0615878 -0.678147 
0.779239 -0.060208 -0.623828 
0.82014 -0.0586069 -0.569153 
0.855245 -0.0568443 -0.515097 
0.884943 -0.0549762 -0.462443 
0.913846 -0.0339771 -0.404637 
0.933484 -2.59665e-16 -0.358618 
0.95066 0.036221 -0.308114 
0.96454 0.0744211 -0.253226 
0.974279 0.11419 -0.194272 
0.979084 0.154972 -0.131827 
0.978315 0.196083 -0.0667194 
0.971568 0.236761 6.66647e-17 
0.958746 0.276221 0.0671337 
0.940088 0.313734 0.133439 
0.916142 0.348686 0.19774 
0.887706 0.380634 0.259029 
0.855726 0.409316 0.316532 
0.821201 0.434652 0.369737 
0.78509 0.456712 0.418388 
0.748248 0.47568 0.462443 
