0.894427 0 -0.447214 
0.951057 0.309017 0 
0.723607 0.525731 0.447214 
0.425325 0.309017 0.850651 
3.7494e-33 6.12323e-17 1 
0.525731 2.11553e-17 -0.850651 
0.688191 0.5 -0.525731 
0.587785 0.809017 0 
0.262866 0.809017 0.525731 
-0.16246 0.5 0.850651 
3.7494e-33 6.12323e-17 -1 
0.16246 0.5 -0.850651 
0.276393 0.850651 -0.447214 
6.12323e-17 1 0 
-0.276393 0.850651 0.447214 
-0.262866 0.809017 -0.525731 
-0.587785 0.809017 0 
-0.688191 0.5 0.525731 
-0.525731 6.43835e-17 0.850651 
-0.425325 0.309017 -0.850651 
-0.723607 0.525731 -0.447214 
-0.951057 0.309017 0 
-0.894427 1.09536e-16 0.447214 
-0.850651 1.04175e-16 -0.525731 
-0.951057 -0.309017 0 
-0.688191 -0.5 0.525731 
-0.16246 -0.5 0.850651 
-0.425325 -0.309017 -0.850651 
-0.723607 -0.525731 -0.447214 
-0.587785 -0.809017 0 
-0.276393 -0.850651 0.447214 
-0.262866 -0.809017 -0.525731 
-3.82857e-16 -1 0 
0.262866 -0.809017 0.525731 
0.425325 -0.309017 0.850651 
0.16246 -0.5 -0.850651 
0.276393 -0.850651 -0.447214 
0.587785 -0.809017 0 
0.723607 -0.525731 0.447214 
0.688191 -0.5 -0.525731 
0.951057 -0.309017 0 
0.850651 -2.61029e-16 0.525731 
