0.894427 0 -0.447214 
0.931189 0.0700906 -0.357736 
0.956626 0.147621 -0.251148 
0.964711 0.229045 -0.129891 
0.951057 0.309017 0 
0.915097 0.381741 0.129891 
0.860696 0.442863 0.251148 
0.794546 0.490634 0.357736 
0.723607 0.525731 0.447214 
0.6753 0.490634 0.550679 
0.609548 0.442863 0.657513 
0.525422 0.381741 0.760398 
0.425325 0.309017 0.850651 
0.315253 0.229045 0.920953 
0.203183 0.147621 0.967949 
0.0964715 0.0700906 0.992865 
3.7494e-33 6.12323e-17 1 
0.834717 4.79839e-18 -0.550679 
0.871566 0.113409 -0.476981 
0.90374 0.195379 -0.380895 
0.921508 0.282906 -0.266061 
0.918855 0.370268 -0.136408 
0.892803 0.450447 -3.38638e-17 
0.845288 0.517485 0.13303 
0.7825 0.568519 0.25393 
0.712149 0.604043 0.357736 
0.638452 0.604043 0.476981 
0.577066 0.568519 0.586328 
0.49701 0.517485 0.696556 
0.399274 0.450447 0.798548 
0.288917 0.370268 0.882852 
0.174139 0.282906 0.943207 
0.0634824 0.195379 0.978671 
-0.0368488 0.113409 0.992865 
0.753443 1.01061e-17 -0.657513 
0.801024 0.120751 -0.586328 
0.831052 0.238856 -0.502295 
0.854992 0.331232 -0.399091 
0.861803 0.425325 -0.276393 
0.846658 0.513375 -0.140057 
0.809017 0.587785 6.86156e-17 
0.753366 0.644005 0.13303 
0.687157 0.681718 0.251148 
0.6163 0.68927 0.380895 
0.531939 0.681718 0.502295 
0.455902 0.644005 0.614338 
0.361803 0.587785 0.723607 
0.253366 0.513375 0.819909 
0.138197 0.425325 0.894427 
0.0254065 0.331232 0.943207 
-0.0776089 0.238856 0.967949 
0.649457 1.56804e-17 -0.760398 
0.70626 0.126519 -0.696556 
0.747369 0.253039 -0.614338 
0.769873 0.370602 -0.519566 
0.782447 0.469374 -0.409225 
0.776629 0.564254 -0.280114 
0.749881 0.646578 -0.140057 
0.704292 0.709911 0 
0.645838 0.752344 0.129891 
0.579227 0.770524 0.266061 
0.49701 0.770524 0.399091 
0.405006 0.752344 0.519566 
0.314969 0.709911 0.629938 
0.210086 0.646578 0.733349 
0.0967772 0.564254 0.819909 
-0.0161008 0.469374 0.882852 
-0.120416 0.370602 0.920953 
0.525731 2.11553e-17 -0.850651 
0.587785 0.129732 -0.798548 
0.638197 0.262866 -0.723607 
0.67209 0.389196 -0.629938 
0.688191 0.5 -0.525731 
0.688191 0.599106 -0.409225 
0.67082 0.688191 -0.276393 
0.636088 0.759464 -0.136408 
0.587785 0.809017 0 
0.525731 0.839643 0.136408 
0.447214 0.850651 0.276393 
0.357121 0.839643 0.409225 
0.262866 0.809017 0.525731 
0.16246 0.759464 0.629938 
0.0527864 0.688191 0.723607 
-0.0582533 0.599106 0.798548 
-0.16246 0.5 0.850651 
0.389674 2.6134e-17 -0.920953 
0.451377 0.129732 -0.882852 
0.506732 0.266405 -0.819909 
0.550012 0.399607 -0.733349 
0.577834 0.518928 -0.629938 
0.590368 0.617671 -0.519566 
0.579227 0.71079 -0.399091 
0.553821 0.788983 -0.266061 
0.515947 0.846716 -0.129891 
0.457527 0.889196 3.38638e-17 
0.383206 0.912982 0.140057 
0.296646 0.912982 0.280114 
0.204612 0.889196 0.409225 
0.11456 0.846716 0.519566 
0.00970443 0.788983 0.614338 
-0.0979193 0.71079 0.696556 
-0.200693 0.617671 0.760398 
0.251148 3.03183e-17 -0.967949 
0.307169 0.126519 -0.943207 
0.361803 0.262866 -0.894427 
0.409955 0.399607 -0.819909 
0.447214 0.525731 -0.723607 
0.471604 0.632597 -0.614338 
0.483974 0.716567 -0.502295 
0.465087 0.799133 -0.380895 
0.436009 0.864188 -0.251148 
0.379682 0.915502 -0.13303 
0.309017 0.951057 -6.86156e-17 
0.226617 0.963861 0.140057 
0.138197 0.951057 0.276393 
0.050813 0.915502 0.399091 
-0.029644 0.864188 0.502295 
-0.132689 0.799133 0.586328 
-0.232827 0.716567 0.657513 
0.119245 3.35888e-17 -0.992865 
0.166199 0.120751 -0.978671 
0.215248 0.253039 -0.943207 
0.262866 0.389196 -0.882852 
0.305018 0.518928 -0.798548 
0.338573 0.632597 -0.696556 
0.362371 0.724505 -0.586328 
0.377187 0.793863 -0.476981 
0.354413 0.863954 -0.357736 
0.298888 0.919883 -0.25393 
0.23095 0.963828 -0.13303 
0.152509 0.988302 0 
0.0682041 0.988302 0.136408 
-0.0157021 0.963828 0.266061 
-0.0934548 0.919883 0.380895 
-0.16147 0.863954 0.476981 
-0.257942 0.793863 0.550679 
3.7494e-33 6.12323e-17 -1 
0.0368488 0.113409 -0.992865 
0.0776089 0.238856 -0.967949 
0.120416 0.370602 -0.920953 
0.16246 0.5 -0.850651 
0.200693 0.617671 -0.760398 
0.232827 0.716567 -0.657513 
0.257942 0.793863 -0.550679 
0.276393 0.850651 -0.447214 
0.221093 0.907272 -0.357736 
0.155218 0.955423 -0.251148 
0.0802774 0.988273 -0.129891 
6.12323e-17 1 0 
-0.0802774 0.988273 0.129891 
-0.155218 0.955423 0.251148 
-0.221093 0.907272 0.357736 
-0.276393 0.850651 0.447214 
0.16147 0.863954 -0.476981 
0.0934548 0.919883 -0.380895 
0.0157021 0.963828 -0.266061 
-0.0682041 0.988302 -0.136408 
-0.152509 0.988302 -3.38638e-17 
-0.23095 0.963828 0.13303 
-0.298888 0.919883 0.25393 
-0.354413 0.863954 0.357736 
-0.377187 0.793863 0.476981 
-0.362371 0.724505 0.586328 
-0.338573 0.632597 0.696556 
-0.305018 0.518928 0.798548 
-0.262866 0.389196 0.882852 
-0.215248 0.253039 0.943207 
-0.166199 0.120751 0.978671 
-0.119245 1.46033e-17 0.992865 
0.132689 0.799133 -0.586328 
0.029644 0.864188 -0.502295 
-0.050813 0.915502 -0.399091 
-0.138197 0.951057 -0.276393 
-0.226617 0.963861 -0.140057 
-0.309017 0.951057 6.86156e-17 
-0.379682 0.915502 0.13303 
-0.436009 0.864188 0.251148 
-0.465087 0.799133 0.380895 
-0.483974 0.716567 0.502295 
-0.471604 0.632597 0.614338 
-0.447214 0.525731 0.723607 
-0.409955 0.399607 0.819909 
-0.361803 0.262866 0.894427 
-0.307169 0.126519 0.943207 
-0.251148 3.07567e-17 0.967949 
0.0979193 0.71079 -0.696556 
-0.00970443 0.788983 -0.614338 
-0.11456 0.846716 -0.519566 
-0.204612 0.889196 -0.409225 
-0.296646 0.912982 -0.280114 
-0.383206 0.912982 -0.140057 
-0.457527 0.889196 0 
-0.515947 0.846716 0.129891 
-0.553821 0.788983 0.266061 
-0.579227 0.71079 0.399091 
-0.590368 0.617671 0.519566 
-0.577834 0.518928 0.629938 
-0.550012 0.399607 0.733349 
-0.506732 0.266405 0.819909 
-0.451377 0.129732 0.882852 
-0.389674 4.77214e-17 0.920953 
0.0582533 0.599106 -0.798548 
-0.0527864 0.688191 -0.723607 
-0.16246 0.759464 -0.629938 
-0.262866 0.809017 -0.525731 
-0.357121 0.839643 -0.409225 
-0.447214 0.850651 -0.276393 
-0.525731 0.839643 -0.136408 
-0.587785 0.809017 0 
-0.636088 0.759464 0.136408 
-0.67082 0.688191 0.276393 
-0.688191 0.599106 0.409225 
-0.688191 0.5 0.525731 
-0.67209 0.389196 0.629938 
-0.638197 0.262866 0.723607 
-0.587785 0.129732 0.798548 
-0.525731 6.43835e-17 0.850651 
0.0161008 0.469374 -0.882852 
-0.0967772 0.564254 -0.819909 
-0.210086 0.646578 -0.733349 
-0.314969 0.709911 -0.629938 
-0.405006 0.752344 -0.519566 
-0.49701 0.770524 -0.399091 
-0.579227 0.770524 -0.266061 
-0.645838 0.752344 -0.129891 
-0.704292 0.709911 3.38638e-17 
-0.749881 0.646578 0.140057 
-0.776629 0.564254 0.280114 
-0.782447 0.469374 0.409225 
-0.769873 0.370602 0.519566 
-0.747369 0.253039 0.614338 
-0.70626 0.126519 0.696556 
-0.649457 7.95356e-17 0.760398 
-0.0254065 0.331232 -0.943207 
-0.138197 0.425325 -0.894427 
-0.253366 0.513375 -0.819909 
-0.361803 0.587785 -0.723607 
-0.455902 0.644005 -0.614338 
-0.531939 0.681718 -0.502295 
-0.6163 0.68927 -0.380895 
-0.687157 0.681718 -0.251148 
-0.753366 0.644005 -0.13303 
-0.809017 0.587785 -6.86156e-17 
-0.846658 0.513375 0.140057 
-0.861803 0.425325 0.276393 
-0.854992 0.331232 0.399091 
-0.831052 0.238856 0.502295 
-0.801024 0.120751 0.586328 
-0.753443 9.22702e-17 0.657513 
-0.0634824 0.195379 -0.978671 
-0.174139 0.282906 -0.943207 
-0.288917 0.370268 -0.882852 
-0.399274 0.450447 -0.798548 
-0.49701 0.517485 -0.696556 
-0.577066 0.568519 -0.586328 
-0.638452 0.604043 -0.476981 
-0.712149 0.604043 -0.357736 
-0.7825 0.568519 -0.25393 
-0.845288 0.517485 -0.13303 
-0.892803 0.450447 0 
-0.918855 0.370268 0.136408 
-0.921508 0.282906 0.266061 
-0.90374 0.195379 0.380895 
-0.871566 0.113409 0.476981 
-0.834717 1.02223e-16 0.550679 
-0.0964715 0.0700906 -0.992865 
-0.203183 0.147621 -0.967949 
-0.315253 0.229045 -0.920953 
-0.425325 0.309017 -0.850651 
-0.525422 0.381741 -0.760398 
-0.609548 0.442863 -0.657513 
-0.6753 0.490634 -0.550679 
-0.723607 0.525731 -0.447214 
-0.794546 0.490634 -0.357736 
-0.860696 0.442863 -0.251148 
-0.915097 0.381741 -0.129891 
-0.951057 0.309017 0 
-0.964711 0.229045 0.129891 
-0.956626 0.147621 0.251148 
-0.931189 0.0700906 0.357736 
-0.894427 1.09536e-16 0.447214 
-0.771772 0.420544 -0.476981 
-0.845982 0.37314 -0.380895 
-0.911803 0.312773 -0.266061 
-0.961007 0.240536 -0.136408 
-0.987059 0.160357 -3.38638e-17 
-0.988023 0.0781932 0.13303 
-0.967223 1.18451e-16 0.25393 
-0.931189 -0.0700906 0.357736 
-0.871566 -0.113409 0.476981 
-0.801024 -0.120751 0.586328 
-0.70626 -0.126519 0.696556 
-0.587785 -0.129732 0.798548 
-0.451377 -0.129732 0.882852 
-0.307169 -0.126519 0.943207 
-0.166199 -0.120751 0.978671 
-0.0368488 -0.113409 0.992865 
-0.719017 0.37314 -0.586328 
-0.812731 0.295242 -0.502295 
-0.886397 0.23458 -0.399091 
-0.947214 0.16246 -0.276393 
-0.986715 0.0823236 -0.140057 
-1 1.22465e-16 6.86156e-17 
-0.988023 -0.0781932 0.13303 
-0.956626 -0.147621 0.251148 
-0.90374 -0.195379 0.380895 
-0.831052 -0.238856 0.502295 
-0.747369 -0.253039 0.614338 
-0.638197 -0.262866 0.723607 
-0.506732 -0.266405 0.819909 
-0.361803 -0.262866 0.894427 
-0.215248 -0.253039 0.943207 
-0.0776089 -0.238856 0.967949 
-0.645743 0.312773 -0.696556 
-0.753366 0.23458 -0.614338 
-0.840675 0.152697 -0.519566 
-0.908904 0.0801787 -0.409225 
-0.959967 1.17562e-16 -0.280114 
-0.986715 -0.0823236 -0.140057 
-0.987059 -0.160357 0 
-0.964711 -0.229045 0.129891 
-0.921508 -0.282906 0.266061 
-0.854992 -0.331232 0.399091 
-0.769873 -0.370602 0.519566 
-0.67209 -0.389196 0.629938 
-0.550012 -0.399607 0.733349 
-0.409955 -0.399607 0.819909 
-0.262866 -0.389196 0.882852 
-0.120416 -0.370602 0.920953 
-0.551783 0.240536 -0.798548 
-0.67082 0.16246 -0.723607 
-0.772496 0.0801787 -0.629938 
-0.850651 1.04175e-16 -0.525731 
-0.908904 -0.0801787 -0.409225 
-0.947214 -0.16246 -0.276393 
-0.961007 -0.240536 -0.136408 
-0.951057 -0.309017 0 
-0.918855 -0.370268 0.136408 
-0.861803 -0.425325 0.276393 
-0.782447 -0.469374 0.409225 
-0.688191 -0.5 0.525731 
-0.577834 -0.518928 0.629938 
-0.447214 -0.525731 0.723607 
-0.305018 -0.518928 0.798548 
-0.16246 -0.5 0.850651 
-0.441426 0.160357 -0.882852 
-0.566543 0.0823236 -0.819909 
-0.679852 8.32579e-17 -0.733349 
-0.772496 -0.0801787 -0.629938 
-0.840675 -0.152697 -0.519566 
-0.886397 -0.23458 -0.399091 
-0.911803 -0.312773 -0.266061 
-0.915097 -0.381741 -0.129891 
-0.892803 -0.450447 3.38638e-17 
-0.846658 -0.513375 0.140057 
-0.776629 -0.564254 0.280114 
-0.688191 -0.599106 0.409225 
-0.590368 -0.617671 0.519566 
-0.471604 -0.632597 0.614338 
-0.338573 -0.632597 0.696556 
-0.200693 -0.617671 0.760398 
-0.322871 0.0781932 -0.943207 
-0.447214 5.47679e-17 -0.894427 
-0.566543 -0.0823236 -0.819909 
-0.67082 -0.16246 -0.723607 
-0.753366 -0.23458 -0.614338 
-0.812731 -0.295242 -0.502295 
-0.845982 -0.37314 -0.380895 
-0.860696 -0.442863 -0.251148 
-0.845288 -0.517485 -0.13303 
-0.809017 -0.587785 -6.86156e-17 
-0.749881 -0.646578 0.140057 
-0.67082 -0.688191 0.276393 
-0.579227 -0.71079 0.399091 
-0.483974 -0.716567 0.502295 
-0.362371 -0.724505 0.586328 
-0.232827 -0.716567 0.657513 
-0.205433 2.51583e-17 -0.978671 
-0.322871 -0.0781932 -0.943207 
-0.441426 -0.160357 -0.882852 
-0.551783 -0.240536 -0.798548 
-0.645743 -0.312773 -0.696556 
-0.719017 -0.37314 -0.586328 
-0.771772 -0.420544 -0.476981 
-0.794546 -0.490634 -0.357736 
-0.7825 -0.568519 -0.25393 
-0.753366 -0.644005 -0.13303 
-0.704292 -0.709911 0 
-0.636088 -0.759464 0.136408 
-0.553821 -0.788983 0.266061 
-0.465087 -0.799133 0.380895 
-0.377187 -0.793863 0.476981 
-0.257942 -0.793863 0.550679 
-0.0964715 -0.0700906 -0.992865 
-0.203183 -0.147621 -0.967949 
-0.315253 -0.229045 -0.920953 
-0.425325 -0.309017 -0.850651 
-0.525422 -0.381741 -0.760398 
-0.609548 -0.442863 -0.657513 
-0.6753 -0.490634 -0.550679 
-0.723607 -0.525731 -0.447214 
-0.712149 -0.604043 -0.357736 
-0.687157 -0.681718 -0.251148 
-0.645838 -0.752344 -0.129891 
-0.587785 -0.809017 0 
-0.515947 -0.846716 0.129891 
-0.436009 -0.864188 0.251148 
-0.354413 -0.863954 0.357736 
-0.276393 -0.850651 0.447214 
-0.638452 -0.604043 -0.476981 
-0.6163 -0.68927 -0.380895 
-0.579227 -0.770524 -0.266061 
-0.525731 -0.839643 -0.136408 
-0.457527 -0.889196 -3.38638e-17 
-0.379682 -0.915502 0.13303 
-0.298888 -0.919883 0.25393 
-0.221093 -0.907272 0.357736 
-0.16147 -0.863954 0.476981 
-0.132689 -0.799133 0.586328 
-0.0979193 -0.71079 0.696556 
-0.0582533 -0.599106 0.798548 
-0.0161008 -0.469374 0.882852 
0.0254065 -0.331232 0.943207 
0.0634824 -0.195379 0.978671 
0.0964715 -0.0700906 0.992865 
-0.577066 -0.568519 -0.586328 
-0.531939 -0.681718 -0.502295 
-0.49701 -0.770524 -0.399091 
-0.447214 -0.850651 -0.276393 
-0.383206 -0.912982 -0.140057 
-0.309017 -0.951057 6.86156e-17 
-0.23095 -0.963828 0.13303 
-0.155218 -0.955423 0.251148 
-0.0934548 -0.919883 0.380895 
-0.029644 -0.864188 0.502295 
0.00970443 -0.788983 0.614338 
0.0527864 -0.688191 0.723607 
0.0967772 -0.564254 0.819909 
0.138197 -0.425325 0.894427 
0.174139 -0.282906 0.943207 
0.203183 -0.147621 0.967949 
-0.49701 -0.517485 -0.696556 
-0.455902 -0.644005 -0.614338 
-0.405006 -0.752344 -0.519566 
-0.357121 -0.839643 -0.409225 
-0.296646 -0.912982 -0.280114 
-0.226617 -0.963861 -0.140057 
-0.152509 -0.988302 0 
-0.0802774 -0.988273 0.129891 
-0.0157021 -0.963828 0.266061 
0.050813 -0.915502 0.399091 
0.11456 -0.846716 0.519566 
0.16246 -0.759464 0.629938 
0.210086 -0.646578 0.733349 
0.253366 -0.513375 0.819909 
0.288917 -0.370268 0.882852 
0.315253 -0.229045 0.920953 
-0.399274 -0.450447 -0.798548 
-0.361803 -0.587785 -0.723607 
-0.314969 -0.709911 -0.629938 
-0.262866 -0.809017 -0.525731 
-0.204612 -0.889196 -0.409225 
-0.138197 -0.951057 -0.276393 
-0.0682041 -0.988302 -0.136408 
-3.82857e-16 -1 0 
0.0682041 -0.988302 0.136408 
0.138197 -0.951057 0.276393 
0.204612 -0.889196 0.409225 
0.262866 -0.809017 0.525731 
0.314969 -0.709911 0.629938 
0.361803 -0.587785 0.723607 
0.399274 -0.450447 0.798548 
0.425325 -0.309017 0.850651 
-0.288917 -0.370268 -0.882852 
-0.253366 -0.513375 -0.819909 
-0.210086 -0.646578 -0.733349 
-0.16246 -0.759464 -0.629938 
-0.11456 -0.846716 -0.519566 
-0.050813 -0.915502 -0.399091 
0.0157021 -0.963828 -0.266061 
0.0802774 -0.988273 -0.129891 
0.152509 -0.988302 3.38638e-17 
0.226617 -0.963861 0.140057 
0.296646 -0.912982 0.280114 
0.357121 -0.839643 0.409225 
0.405006 -0.752344 0.519566 
0.455902 -0.644005 0.614338 
0.49701 -0.517485 0.696556 
0.525422 -0.381741 0.760398 
-0.174139 -0.282906 -0.943207 
-0.138197 -0.425325 -0.894427 
-0.0967772 -0.564254 -0.819909 
-0.0527864 -0.688191 -0.723607 
-0.00970443 -0.788983 -0.614338 
0.029644 -0.864188 -0.502295 
0.0934548 -0.919883 -0.380895 
0.155218 -0.955423 -0.251148 
0.23095 -0.963828 -0.13303 
0.309017 -0.951057 -6.86156e-17 
0.383206 -0.912982 0.140057 
0.447214 -0.850651 0.276393 
0.49701 -0.770524 0.399091 
0.531939 -0.681718 0.502295 
0.577066 -0.568519 0.586328 
0.609548 -0.442863 0.657513 
-0.0634824 -0.195379 -0.978671 
-0.0254065 -0.331232 -0.943207 
0.0161008 -0.469374 -0.882852 
0.0582533 -0.599106 -0.798548 
0.0979193 -0.71079 -0.696556 
0.132689 -0.799133 -0.586328 
0.16147 -0.863954 -0.476981 
0.221093 -0.907272 -0.357736 
0.298888 -0.919883 -0.25393 
0.379682 -0.915502 -0.13303 
0.457527 -0.889196 0 
0.525731 -0.839643 0.136408 
0.579227 -0.770524 0.266061 
0.6163 -0.68927 0.380895 
0.638452 -0.604043 0.476981 
0.6753 -0.490634 0.550679 
0.0368488 -0.113409 -0.992865 
0.0776089 -0.238856 -0.967949 
0.120416 -0.370602 -0.920953 
0.16246 -0.5 -0.850651 
0.200693 -0.617671 -0.760398 
0.232827 -0.716567 -0.657513 
0.257942 -0.793863 -0.550679 
0.276393 -0.850651 -0.447214 
0.354413 -0.863954 -0.357736 
0.436009 -0.864188 -0.251148 
0.515947 -0.846716 -0.129891 
0.587785 -0.809017 0 
0.645838 -0.752344 0.129891 
0.687157 -0.681718 0.251148 
0.712149 -0.604043 0.357736 
0.723607 -0.525731 0.447214 
0.377187 -0.793863 -0.476981 
0.465087 -0.799133 -0.380895 
0.553821 -0.788983 -0.266061 
0.636088 -0.759464 -0.136408 
0.704292 -0.709911 -3.38638e-17 
0.753366 -0.644005 0.13303 
0.7825 -0.568519 0.25393 
0.794546 -0.490634 0.357736 
0.771772 -0.420544 0.476981 
0.719017 -0.37314 0.586328 
0.645743 -0.312773 0.696556 
0.551783 -0.240536 0.798548 
0.441426 -0.160357 0.882852 
0.322871 -0.0781932 0.943207 
0.205433 -7.87987e-17 0.978671 
0.362371 -0.724505 -0.586328 
0.483974 -0.716567 -0.502295 
0.579227 -0.71079 -0.399091 
0.67082 -0.688191 -0.276393 
0.749881 -0.646578 -0.140057 
0.809017 -0.587785 6.86156e-17 
0.845288 -0.517485 0.13303 
0.860696 -0.442863 0.251148 
0.845982 -0.37314 0.380895 
0.812731 -0.295242 0.502295 
0.753366 -0.23458 0.614338 
0.67082 -0.16246 0.723607 
0.566543 -0.0823236 0.819909 
0.447214 -1.71539e-16 0.894427 
0.322871 0.0781932 0.943207 
0.338573 -0.632597 -0.696556 
0.471604 -0.632597 -0.614338 
0.590368 -0.617671 -0.519566 
0.688191 -0.599106 -0.409225 
0.776629 -0.564254 -0.280114 
0.846658 -0.513375 -0.140057 
0.892803 -0.450447 0 
0.915097 -0.381741 0.129891 
0.911803 -0.312773 0.266061 
0.886397 -0.23458 0.399091 
0.840675 -0.152697 0.519566 
0.772496 -0.0801787 0.629938 
0.679852 -2.08618e-16 0.733349 
0.566543 0.0823236 0.819909 
0.441426 0.160357 0.882852 
0.305018 -0.518928 -0.798548 
0.447214 -0.525731 -0.723607 
0.577834 -0.518928 -0.629938 
0.688191 -0.5 -0.525731 
0.782447 -0.469374 -0.409225 
0.861803 -0.425325 -0.276393 
0.918855 -0.370268 -0.136408 
0.951057 -0.309017 0 
0.961007 -0.240536 0.136408 
0.947214 -0.16246 0.276393 
0.908904 -0.0801787 0.409225 
0.850651 -2.61029e-16 0.525731 
0.772496 0.0801787 0.629938 
0.67082 0.16246 0.723607 
0.551783 0.240536 0.798548 
0.262866 -0.389196 -0.882852 
0.409955 -0.399607 -0.819909 
0.550012 -0.399607 -0.733349 
0.67209 -0.389196 -0.629938 
0.769873 -0.370602 -0.519566 
0.854992 -0.331232 -0.399091 
0.921508 -0.282906 -0.266061 
0.964711 -0.229045 -0.129891 
0.987059 -0.160357 3.38638e-17 
0.986715 -0.0823236 0.140057 
0.959967 -2.78158e-16 0.280114 
0.908904 0.0801787 0.409225 
0.840675 0.152697 0.519566 
0.753366 0.23458 0.614338 
0.645743 0.312773 0.696556 
0.215248 -0.253039 -0.943207 
0.361803 -0.262866 -0.894427 
0.506732 -0.266405 -0.819909 
0.638197 -0.262866 -0.723607 
0.747369 -0.253039 -0.614338 
0.831052 -0.238856 -0.502295 
0.90374 -0.195379 -0.380895 
0.956626 -0.147621 -0.251148 
0.988023 -0.0781932 -0.13303 
1 -2.40154e-16 -6.86156e-17 
0.986715 0.0823236 0.140057 
0.947214 0.16246 0.276393 
0.886397 0.23458 0.399091 
0.812731 0.295242 0.502295 
0.719017 0.37314 0.586328 
0.166199 -0.120751 -0.978671 
0.307169 -0.126519 -0.943207 
0.451377 -0.129732 -0.882852 
0.587785 -0.129732 -0.798548 
0.70626 -0.126519 -0.696556 
0.801024 -0.120751 -0.586328 
0.871566 -0.113409 -0.476981 
0.931189 -0.0700906 -0.357736 
0.967223 -2.36396e-16 -0.25393 
0.988023 0.0781932 -0.13303 
0.987059 0.160357 0 
0.961007 0.240536 0.136408 
0.911803 0.312773 0.266061 
0.845982 0.37314 0.380895 
0.771772 0.420544 0.476981 
