0
1
2
3
4
5
6
8
9
10
11
12
13
16
17
18
19
20
21
24
25
26
27
28
29
32
33
34
35
36
37
40
41
42
43
44
45
48
49
50
51
52
53
56
57
58
59
60
61
64
65
66
67
68
69
72
73
74
75
76
77
78
80
81
82
83
84
85
88
89
90
91
96
97
98
99
104
105
106
107
112
113
114
115
120
121
122
123
128
129
130
131
136
137
138
139
144
145
146
147
152
153
154
155
156
157
160
161
162
163
164
165
168
169
170
171
176
177
178
179
184
185
186
187
192
193
194
195
200
201
202
203
208
209
210
211
216
217
218
219
224
225
226
227
232
233
234
235
236
237
240
241
242
243
244
245
248
249
250
251
256
257
258
259
264
265
266
267
272
273
274
275
280
281
282
283
288
289
290
291
296
297
298
299
304
305
306
307
312
313
314
315
316
317
320
321
322
323
324
325
328
329
330
331
336
337
338
339
344
345
346
347
352
353
354
355
360
361
362
363
368
369
370
371
376
377
378
379
384
385
386
387
392
393
394
395
396
397
400
401
402
403
404
405
408
409
410
411
416
417
418
419
424
425
426
427
432
433
434
435
440
441
442
443
448
449
450
451
456
457
458
459
464
465
466
467
472
473
474
475
476
477
480
481
482
483
484
485
488
489
490
491
496
497
498
499
504
505
506
507
512
513
514
515
520
521
522
523
528
529
530
531
536
537
538
539
544
545
546
547
552
553
554
555
556
557
560
561
562
563
564
565
568
569
570
571
576
577
578
579
584
585
586
587
592
593
594
595
600
601
602
603
608
609
610
611
616
617
618
619
624
625
626
627
632
633
634
635
636
637
640
641
642
643
644
645
648
649
650
651
656
657
658
659
664
665
666
667
672
673
674
675
680
681
682
683
688
689
690
691
696
697
698
699
704
705
706
707
712
713
714
715
716
717
720
721
722
723
724
725
726
728
729
730
731
732
733
736
737
738
739
740
741
744
745
746
747
748
749
752
753
754
755
756
757
760
761
762
763
764
765
768
769
770
771
772
773
776
777
778
779
780
781
784
785
786
787
788
789
792
793
794
795
796
797
798
800
801
802
803
804
805
808
809
810
811
816
817
818
819
824
825
826
827
832
833
834
835
840
841
842
843
848
849
850
851
856
857
858
859
864
865
866
867
872
873
874
875
876
877
880
881
882
883
952
953
954
955
960
961
962
963
1032
1033
1034
1035
1040
1041
1042
1043
1112
1113
1114
1115
1120
1121
1122
1123
1192
1193
1194
1195
1200
1201
1202
1203
1272
1273
1274
1275
1280
1281
1282
1283
1352
1353
1354
1355
1360
1361
1362
1363
1432
1433
1434
1435
1440
1441
1442
1443
1512
1513
1514
1515
1520
1521
1522
1523
1524
1525
1528
1529
1530
1531
1536
1537
1538
1539
1544
1545
1546
1547
1552
1553
1554
1555
1560
1561
1562
1563
1568
1569
1570
1571
1576
1577
1578
1579
1584
1585
1586
1587
1592
1593
1594
1595
1596
1597
1600
1601
1602
1603
1604
1605
1608
1609
1610
1611
1616
1617
1618
1619
1624
1625
1626
1627
1632
1633
1634
1635
1640
1641
1642
1643
1648
1649
1650
1651
1656
1657
1658
1659
1664
1665
1666
1667
1672
1673
1674
1675
1676
1677
1680
1681
1682
1683
1752
1753
1754
1755
1760
1761
1762
1763
1832
1833
1834
1835
1840
1841
1842
1843
1912
1913
1914
1915
1920
1921
1922
1923
1992
1993
1994
1995
2000
2001
2002
2003
2072
2073
2074
2075
2080
2081
2082
2083
2152
2153
2154
2155
2160
2161
2162
2163
2232
2233
2234
2235
2240
2241
2242
2243
2312
2313
2314
2315
2320
2321
2322
2323
2324
2325
2328
2329
2330
2331
2336
2337
2338
2339
2344
2345
2346
2347
2352
2353
2354
2355
2360
2361
2362
2363
2368
2369
2370
2371
2376
2377
2378
2379
2384
2385
2386
2387
2392
2393
2394
2395
2396
2397
2400
2401
2402
2403
2404
2405
2408
2409
2410
2411
2416
2417
2418
2419
2424
2425
2426
2427
2432
2433
2434
2435
2440
2441
2442
2443
2448
2449
2450
2451
2456
2457
2458
2459
2464
2465
2466
2467
2472
2473
2474
2475
2476
2477
2480
2481
2482
2483
2552
2553
2554
2555
2560
2561
2562
2563
2632
2633
2634
2635
2640
2641
2642
2643
2712
2713
2714
2715
2720
2721
2722
2723
2792
2793
2794
2795
2800
2801
2802
2803
2872
2873
2874
2875
2880
2881
2882
2883
2952
2953
2954
2955
2960
2961
2962
2963
3032
3033
3034
3035
3040
3041
3042
3043
3112
3113
3114
3115
3120
3121
3122
3123
3124
3125
3128
3129
3130
3131
3136
3137
3138
3139
3144
3145
3146
3147
3152
3153
3154
3155
3160
3161
3162
3163
3168
3169
3170
3171
3176
3177
3178
3179
3184
3185
3186
3187
3192
3193
3194
3195
3196
3197
3200
3201
3202
3203
3204
3205
3208
3209
3210
3211
3216
3217
3218
3219
3224
3225
3226
3227
3232
3233
3234
3235
3240
3241
3242
3243
3248
3249
3250
3251
3256
3257
3258
3259
3264
3265
3266
3267
3272
3273
3274
3275
3276
3277
3280
3281
3282
3283
3352
3353
3354
3355
3360
3361
3362
3363
3432
3433
3434
3435
3440
3441
3442
3443
3512
3513
3514
3515
3520
3521
3522
3523
3592
3593
3594
3595
3600
3601
3602
3603
3672
3673
3674
3675
3680
3681
3682
3683
3752
3753
3754
3755
3760
3761
3762
3763
3832
3833
3834
3835
3840
3841
3842
3843
3912
3913
3914
3915
3920
3921
3922
3923
3924
3925
3928
3929
3930
3931
3936
3937
3938
3939
3944
3945
3946
3947
3952
3953
3954
3955
3960
3961
3962
3963
3968
3969
3970
3971
3976
3977
3978
3979
3984
3985
3986
3987
3992
3993
3994
3995
3996
3997
4000
4001
4002
4003
4004
4005
4008
4009
4010
4011
4016
4017
4018
4019
4024
4025
4026
4027
4032
4033
4034
4035
4040
4041
4042
4043
4048
4049
4050
4051
4056
4057
4058
4059
4064
4065
4066
4067
4072
4073
4074
4075
4076
4077
4080
4081
4082
4083
4152
4153
4154
4155
4160
4161
4162
4163
4232
4233
4234
4235
4240
4241
4242
4243
4312
4313
4314
4315
4320
4321
4322
4323
4392
4393
4394
4395
4400
4401
4402
4403
4472
4473
4474
4475
4480
4481
4482
4483
4552
4553
4554
4555
4560
4561
4562
4563
4632
4633
4634
4635
4640
4641
4642
4643
4712
4713
4714
4715
4720
4721
4722
4723
4724
4725
4728
4729
4730
4731
4736
4737
4738
4739
4744
4745
4746
4747
4752
4753
4754
4755
4760
4761
4762
4763
4768
4769
4770
4771
4776
4777
4778
4779
4784
4785
4786
4787
4792
4793
4794
4795
4796
4797
4800
4801
4802
4803
4804
4805
4808
4809
4810
4811
4816
4817
4818
4819
4824
4825
4826
4827
4832
4833
4834
4835
4840
4841
4842
4843
4848
4849
4850
4851
4856
4857
4858
4859
4864
4865
4866
4867
4872
4873
4874
4875
4876
4877
4880
4881
4882
4883
4952
4953
4954
4955
4960
4961
4962
4963
5032
5033
5034
5035
5040
5041
5042
5043
5112
5113
5114
5115
5120
5121
5122
5123
5192
5193
5194
5195
5200
5201
5202
5203
5272
5273
5274
5275
5280
5281
5282
5283
5352
5353
5354
5355
5360
5361
5362
5363
5432
5433
5434
5435
5440
5441
5442
5443
5512
5513
5514
5515
5520
5521
5522
5523
5524
5525
5528
5529
5530
5531
5536
5537
5538
5539
5544
5545
5546
5547
5552
5553
5554
5555
5560
5561
5562
5563
5568
5569
5570
5571
5576
5577
5578
5579
5584
5585
5586
5587
5592
5593
5594
5595
5596
5597
5600
5601
5602
5603
5604
5605
5608
5609
5610
5611
5616
5617
5618
5619
5624
5625
5626
5627
5632
5633
5634
5635
5640
5641
5642
5643
5648
5649
5650
5651
5656
5657
5658
5659
5664
5665
5666
5667
5672
5673
5674
5675
5676
5677
5680
5681
5682
5683
5752
5753
5754
5755
5760
5761
5762
5763
5832
5833
5834
5835
5840
5841
5842
5843
5912
5913
5914
5915
5920
5921
5922
5923
5992
5993
5994
5995
6000
6001
6002
6003
6072
6073
6074
6075
6080
6081
6082
6083
6152
6153
6154
6155
6160
6161
6162
6163
6232
6233
6234
6235
6240
6241
6242
6243
6312
6313
6314
6315
6320
6321
6322
6323
6324
6325
6328
6329
6330
6331
6336
6337
6338
6339
6344
6345
6346
6347
6352
6353
6354
6355
6360
6361
6362
6363
6368
6369
6370
6371
6376
6377
6378
6379
6384
6385
6386
6387
6392
6393
6394
6395
6396
6397
6400
6401
6402
6403
6404
6405
6408
6409
6410
6411
6416
6417
6418
6419
6424
6425
6426
6427
6432
6433
6434
6435
6440
6441
6442
6443
6448
6449
6450
6451
6456
6457
6458
6459
6464
6465
6466
6467
6472
6473
6474
6475
6476
6477
6480
6481
6482
6483
6552
6553
6554
6555
6560
6561
6562
6563
6632
6633
6634
6635
6640
6641
6642
6643
6712
6713
6714
6715
6720
6721
6722
6723
6792
6793
6794
6795
6800
6801
6802
6803
6872
6873
6874
6875
6880
6881
6882
6883
6952
6953
6954
6955
6960
6961
6962
6963
7032
7033
7034
7035
7040
7041
7042
7043
7112
7113
7114
7115
7120
7121
7122
7123
7124
7125
7128
7129
7130
7131
7136
7137
7138
7139
7144
7145
7146
7147
7152
7153
7154
7155
7160
7161
7162
7163
7168
7169
7170
7171
7176
7177
7178
7179
7184
7185
7186
7187
7192
7193
7194
7195
7196
7197
7200
7201
7202
7203
7204
7205
7206
7208
7209
7210
7211
7212
7213
7216
7217
7218
7219
7220
7221
7224
7225
7226
7227
7228
7229
7232
7233
7234
7235
7236
7237
7240
7241
7242
7243
7244
7245
7248
7249
7250
7251
7252
7253
7256
7257
7258
7259
7260
7261
7264
7265
7266
7267
7268
7269
7272
7273
7274
7275
7276
7277
7278
7280
7281
7282
7283
7284
7285
7288
7289
7290
7291
7296
7297
7298
7299
7304
7305
7306
7307
7312
7313
7314
7315
7320
7321
7322
7323
7328
7329
7330
7331
7336
7337
7338
7339
7344
7345
7346
7347
7352
7353
7354
7355
7356
7357
7360
7361
7362
7363
7364
7365
7368
7369
7370
7371
7376
7377
7378
7379
7384
7385
7386
7387
7392
7393
7394
7395
7400
7401
7402
7403
7408
7409
7410
7411
7416
7417
7418
7419
7424
7425
7426
7427
7432
7433
7434
7435
7436
7437
7440
7441
7442
7443
7444
7445
7448
7449
7450
7451
7456
7457
7458
7459
7464
7465
7466
7467
7472
7473
7474
7475
7480
7481
7482
7483
7488
7489
7490
7491
7496
7497
7498
7499
7504
7505
7506
7507
7512
7513
7514
7515
7516
7517
7520
7521
7522
7523
7524
7525
7528
7529
7530
7531
7536
7537
7538
7539
7544
7545
7546
7547
7552
7553
7554
7555
7560
7561
7562
7563
7568
7569
7570
7571
7576
7577
7578
7579
7584
7585
7586
7587
7592
7593
7594
7595
7596
7597
7600
7601
7602
7603
7604
7605
7608
7609
7610
7611
7616
7617
7618
7619
7624
7625
7626
7627
7632
7633
7634
7635
7640
7641
7642
7643
7648
7649
7650
7651
7656
7657
7658
7659
7664
7665
7666
7667
7672
7673
7674
7675
7676
7677
7680
7681
7682
7683
7684
7685
7688
7689
7690
7691
7696
7697
7698
7699
7704
7705
7706
7707
7712
7713
7714
7715
7720
7721
7722
7723
7728
7729
7730
7731
7736
7737
7738
7739
7744
7745
7746
7747
7752
7753
7754
7755
7756
7757
7760
7761
7762
7763
7764
7765
7768
7769
7770
7771
7776
7777
7778
7779
7784
7785
7786
7787
7792
7793
7794
7795
7800
7801
7802
7803
7808
7809
7810
7811
7816
7817
7818
7819
7824
7825
7826
7827
7832
7833
7834
7835
7836
7837
7840
7841
7842
7843
7844
7845
7848
7849
7850
7851
7856
7857
7858
7859
7864
7865
7866
7867
7872
7873
7874
7875
7880
7881
7882
7883
7888
7889
7890
7891
7896
7897
7898
7899
7904
7905
7906
7907
7912
7913
7914
7915
7916
7917
7920
7921
7922
7923
7924
7925
7926
7928
7929
7930
7931
7932
7933
7936
7937
7938
7939
7940
7941
7944
7945
7946
7947
7948
7949
7952
7953
7954
7955
7956
7957
7960
7961
7962
7963
7964
7965
7968
7969
7970
7971
7972
7973
7976
7977
7978
7979
7980
7981
7984
7985
7986
7987
7988
7989
7992
7993
7994
7995
7996
7997
7998
