16 0 100 10 1 110 101 11 111 200 20 2 210 201 120 102 21
16 1 101 11 2 0 111 102 100 12 10 112 110 201 21 3 211
16 2 102 12 3 1 112 103 101 13 11 113 111 202 22 4 0
16 3 103 13 4 2 113 104 102 14 12 114 112 203 23 1 5
16 4 104 14 3 5 114 103 13 105 15 113 115 204 24 6 2
16 5 6 105 15 4 106 16 115 104 14 116 114 7 205 25 3
16 6 7 5 106 16 107 105 17 15 116 117 115 206 26 8 4
16 7 6 107 17 8 106 16 117 108 18 116 118 5 207 27 9
16 8 108 18 9 7 118 109 107 19 17 119 117 208 28 6 218
16 9 109 19 8 119 108 18 118 209 29 7 219 129 208 28 107
16 10 110 20 11 0 120 111 100 21 1 121 101 210 30 12 220
16 11 111 21 12 10 1 121 112 110 101 22 20 2 0 122 120
16 12 112 22 13 11 2 122 113 111 102 23 21 3 1 123 121
16 13 113 23 14 12 3 123 114 112 103 24 22 4 2 124 122
16 14 114 24 13 4 15 124 113 104 23 3 115 25 5 123 103
16 15 16 115 25 5 14 116 26 6 125 105 114 24 4 126 106
16 16 17 15 116 26 6 117 115 27 25 7 5 126 106 127 125
16 17 16 117 27 7 18 116 26 6 127 107 118 28 8 126 106
16 18 118 28 8 19 17 128 108 119 117 29 27 9 7 129 127
16 19 119 29 9 18 129 109 118 28 8 128 108 219 39 17 229
16 20 120 30 21 10 130 121 110 31 11 131 111 220 40 22 0
16 21 121 31 22 20 11 131 122 120 111 32 30 12 10 132 130
16 22 122 32 23 21 12 132 123 121 112 33 31 13 11 133 131
16 23 123 33 24 22 13 133 124 122 113 34 32 14 12 134 132
16 24 124 34 23 14 25 134 123 114 33 13 125 35 15 133 113
16 25 26 125 35 15 24 126 36 16 135 115 124 34 14 136 116
16 26 27 25 126 36 16 127 125 37 35 17 15 136 116 137 135
16 27 26 127 37 17 28 126 36 16 137 117 128 38 18 136 116
16 28 128 38 18 29 27 138 118 129 127 39 37 19 17 139 137
16 29 129 39 19 28 139 119 128 38 18 138 118 229 49 9 27
16 30 130 40 31 20 140 131 120 41 21 141 121 230 32 10 50
16 31 131 41 32 30 21 141 132 130 121 42 40 22 20 142 140
16 32 132 42 33 31 22 142 133 131 122 43 41 23 21 143 141
16 33 133 43 34 32 23 143 134 132 123 44 42 24 22 144 142
16 34 134 44 33 24 35 144 133 124 43 23 135 45 25 143 123
16 35 36 135 45 25 34 136 46 26 145 125 134 44 24 146 126
16 36 37 35 136 46 26 137 135 47 45 27 25 146 126 147 145
16 37 36 137 47 27 38 136 46 26 147 127 138 48 28 146 126
16 38 138 48 28 39 37 148 128 139 137 49 47 29 27 149 147
16 39 139 49 29 38 149 129 138 48 28 148 128 239 19 59 37
16 40 140 41 30 50 141 130 31 150 51 131 151 240 60 42 20
16 41 141 42 40 31 51 142 140 131 32 30 151 52 50 132 130
16 42 142 43 41 32 52 143 141 132 33 31 152 53 51 133 131
16 43 143 44 42 33 53 144 142 133 34 32 153 54 52 134 132
16 44 144 43 34 54 45 143 134 33 154 145 53 35 55 133 153
16 45 46 145 35 55 44 146 36 135 56 155 144 34 54 136 156
16 46 47 45 146 36 56 147 145 37 35 136 57 55 156 137 135
16 47 46 147 37 57 48 146 36 137 56 157 148 38 58 136 156
16 48 148 38 58 49 47 138 158 149 147 39 37 59 57 139 137
16 49 149 39 59 48 139 159 148 38 58 138 158 249 69 29 47
16 50 60 150 51 40 160 61 151 140 41 161 141 70 250 52 30
16 51 61 151 52 50 41 161 62 60 152 150 141 42 40 162 160
16 52 62 152 53 51 42 162 63 61 153 151 142 43 41 163 161
16 53 63 153 54 52 43 163 64 62 154 152 143 44 42 164 162
16 54 64 154 53 55 44 164 63 153 65 155 144 43 45 163 165
16 55 65 56 155 54 45 66 165 156 64 46 154 145 44 166 164
16 56 66 57 55 156 46 67 65 166 157 155 47 45 146 167 165
16 57 67 56 157 58 47 66 167 156 68 46 158 147 48 166 168
16 58 68 158 59 57 48 168 69 67 159 157 148 49 47 169 167
16 59 69 159 58 49 169 68 158 149 48 168 148 79 259 39 57
16 60 70 50 160 61 170 150 71 51 161 171 151 260 80 62 40
16 61 71 51 161 62 60 171 151 72 70 52 50 162 160 172 170
16 62 72 52 162 63 61 172 152 73 71 53 51 163 161 173 171
16 63 73 53 163 64 62 173 153 74 72 54 52 164 162 174 172
16 64 74 54 164 63 65 174 154 73 53 163 75 55 165 173 153
16 65 75 66 55 165 64 76 56 175 166 155 74 54 164 176 156
16 66 76 67 65 56 166 77 75 57 55 176 167 165 156 177 175
16 67 77 66 57 167 68 76 56 177 166 157 78 58 168 176 156
16 68 78 58 168 69 67 178 158 79 77 59 57 169 167 179 177
16 69 79 59 169 68 179 159 78 58 168 178 158 269 89 49 67
16 70 60 170 71 80 160 61 171 180 81 161 181 50 270 72 90
16 71 61 171 72 70 81 161 62 60 172 170 181 82 80 162 160
16 72 62 172 73 71 82 162 63 61 173 171 182 83 81 163 161
16 73 63 173 74 72 83 163 64 62 174 172 183 84 82 164 162
16 74 64 174 73 84 75 164 63 173 65 184 175 83 85 163 165
16 75 76 65 175 85 74 66 176 165 86 64 185 174 84 166 186
16 76 77 75 66 176 86 67 65 177 175 166 87 85 186 167 165
16 77 76 67 177 87 78 66 176 167 86 68 187 178 88 166 186
16 78 68 178 88 79 77 168 69 67 188 179 177 89 87 169 167
16 79 69 179 89 78 169 68 189 178 88 168 188 59 279 99 77
16 80 180 81 90 70 181 190 170 91 71 191 171 280 82 60 281
16 81 181 82 80 91 71 182 180 191 171 92 90 72 70 192 190
16 82 182 83 81 92 72 183 181 192 172 93 91 73 71 193 191
16 83 183 84 82 93 73 184 182 193 173 94 92 74 72 194 192
16 84 184 83 94 85 74 183 194 185 174 93 73 95 75 193 173
16 85 86 185 95 84 75 186 96 76 195 184 175 94 74 196 176
16 86 87 85 186 96 76 187 185 97 95 77 75 196 176 197 195
16 87 86 187 97 88 77 186 96 76 197 188 177 98 78 196 176
16 88 188 98 89 87 78 198 189 187 178 99 97 79 77 199 197
16 89 189 99 88 79 199 188 179 98 78 198 178 289 69 87 169
16 90 190 91 80 191 180 81 181 290 92 70 291 192 280 82 170
16 91 191 92 90 81 192 190 181 82 80 182 180 291 93 71 292
16 92 192 93 91 82 193 191 182 83 81 183 181 292 94 90 72
16 93 193 94 92 83 194 192 183 84 82 184 182 293 91 95 73
16 94 194 93 95 84 193 195 184 83 85 183 185 294 96 92 74
16 95 96 195 94 85 196 86 194 185 84 186 184 97 295 93 75
16 96 97 95 196 86 197 195 87 85 186 187 185 296 98 94 76
16 97 96 197 98 87 196 86 198 187 88 186 188 95 297 99 77
16 98 198 99 97 88 199 197 188 89 87 189 187 298 96 78 196
16 99 199 98 89 198 189 88 188 299 97 79 298 289 197 179 87
16 100 200 110 101 0 210 201 111 10 1 211 11 300 120 102 310
16 101 201 111 102 100 1 211 202 200 112 110 11 2 0 212 210
16 102 202 112 103 101 2 212 203 201 113 111 12 3 1 213 211
16 103 203 113 104 102 3 213 204 202 114 112 13 4 2 214 212
16 104 204 114 103 4 105 214 203 113 14 3 205 115 5 213 13
16 105 106 205 115 5 104 206 116 6 215 15 204 114 4 216 16
16 106 107 105 206 116 6 207 205 117 115 7 5 216 16 217 215
16 107 106 207 117 7 108 206 116 6 217 17 208 118 8 216 16
16 108 208 118 8 109 107 218 18 209 207 119 117 9 7 219 217
16 109 209 119 9 108 219 19 208 118 8 218 18 309 129 107 319
16 110 210 120 111 100 10 220 211 200 121 101 20 11 0 221 201
16 111 211 121 112 110 101 11 221 212 210 201 122 120 102 100 21
16 112 212 122 113 111 102 12 222 213 211 202 123 121 103 101 22
16 113 213 123 114 112 103 13 223 214 212 203 124 122 104 102 23
16 114 214 124 113 104 14 115 224 213 204 123 103 24 13 4 215
16 115 116 215 125 105 15 114 216 126 106 16 225 205 25 5 214
16 116 117 115 216 126 106 16 217 215 127 125 107 105 17 15 226
16 117 116 217 127 107 17 118 216 126 106 16 227 207 27 7 218
16 118 218 128 108 18 119 117 228 208 28 8 219 217 129 127 109
16 119 219 129 109 19 118 229 209 29 9 218 128 108 18 228 208
16 120 220 130 121 110 20 230 221 210 131 111 30 21 10 231 211
16 121 221 131 122 120 111 21 231 222 220 211 132 130 112 110 31
16 122 222 132 123 121 112 22 232 223 221 212 133 131 113 111 32
16 123 223 133 124 122 113 23 233 224 222 213 134 132 114 112 33
16 124 224 134 123 114 24 125 234 223 214 133 113 34 23 14 225
16 125 126 225 135 115 25 124 226 136 116 26 235 215 35 15 224
16 126 127 125 226 136 116 26 227 225 137 135 117 115 27 25 236
16 127 126 227 137 117 27 128 226 136 116 26 237 217 37 17 228
16 128 228 138 118 28 129 127 238 218 38 18 229 227 139 137 119
16 129 229 139 119 29 128 239 219 39 19 228 138 118 28 238 218
16 130 230 140 131 120 30 240 231 220 141 121 40 31 20 241 221
16 131 231 141 132 130 121 31 241 232 230 221 142 140 122 120 41
16 132 232 142 133 131 122 32 242 233 231 222 143 141 123 121 42
16 133 233 143 134 132 123 33 243 234 232 223 144 142 124 122 43
16 134 234 144 133 124 34 135 244 233 224 143 123 44 33 24 235
16 135 136 235 145 125 35 134 236 146 126 36 245 225 45 25 234
16 136 137 135 236 146 126 36 237 235 147 145 127 125 37 35 246
16 137 136 237 147 127 37 138 236 146 126 36 247 227 47 27 238
16 138 238 148 128 38 139 137 248 228 48 28 239 237 149 147 129
16 139 239 149 129 39 138 249 229 49 29 238 148 128 38 248 228
16 140 240 141 130 40 150 241 230 131 41 30 250 151 50 231 31
16 141 241 142 140 131 41 151 242 240 231 132 130 42 40 31 251
16 142 242 143 141 132 42 152 243 241 232 133 131 43 41 32 252
16 143 243 144 142 133 43 153 244 242 233 134 132 44 42 33 253
16 144 244 143 134 44 154 145 243 234 133 43 34 254 245 153 135
16 145 146 245 135 45 155 144 246 136 46 235 156 35 255 244 134
16 146 147 145 246 136 46 156 247 245 137 135 47 45 236 157 155
16 147 146 247 137 47 157 148 246 136 46 237 156 37 257 248 138
16 148 248 138 48 158 149 147 238 38 258 249 247 139 137 58 49
16 149 249 139 49 159 148 239 39 259 248 138 59 48 158 238 38
16 150 160 250 151 50 140 260 161 60 251 51 240 141 40 261 61
16 151 161 251 152 150 51 141 261 162 160 61 252 250 52 50 241
16 152 162 252 153 151 52 142 262 163 161 62 253 251 53 51 242
16 153 163 253 154 152 53 143 263 164 162 63 254 252 54 52 243
16 154 164 254 153 54 155 144 264 163 64 253 165 53 255 244 143
16 155 165 156 255 55 154 145 166 265 256 65 56 164 146 254 245
16 156 166 157 155 256 56 146 167 165 266 257 255 66 57 55 147
16 157 167 156 257 57 158 147 166 267 256 67 56 168 146 258 247
16 158 168 258 58 159 157 148 268 68 169 167 259 257 248 59 57
16 159 169 259 59 158 149 269 69 168 258 249 58 49 148 268 68
16 160 170 150 260 161 60 270 250 171 151 70 50 261 61 271 251
16 161 171 151 261 162 160 61 271 251 172 170 152 150 71 51 262
16 162 172 152 262 163 161 62 272 252 173 171 153 151 72 52 263
16 163 173 153 263 164 162 63 273 253 174 172 154 152 73 53 264
16 164 174 154 264 163 64 165 274 254 173 153 74 54 263 175 155
16 165 175 166 155 265 65 164 176 156 275 266 255 75 66 55 174
16 166 176 167 165 156 266 66 177 175 157 155 276 267 265 256 76
16 167 177 166 157 267 67 168 176 156 277 266 257 77 66 57 178
16 168 178 158 268 68 169 167 278 258 78 58 179 177 159 157 269
16 169 179 159 269 69 168 279 259 79 59 178 158 268 68 278 258
16 170 160 270 171 70 180 260 161 60 271 71 280 181 80 261 61
16 171 161 271 172 170 71 181 261 162 160 61 272 270 72 70 281
16 172 162 272 173 171 72 182 262 163 161 62 273 271 73 71 282
16 173 163 273 174 172 73 183 263 164 162 63 274 272 74 72 283
16 174 164 274 173 74 184 175 264 163 64 273 165 73 284 275 183
16 175 176 165 275 75 185 174 166 276 265 76 65 186 164 285 274
16 176 177 175 166 276 76 186 167 165 277 275 266 77 75 66 187
16 177 176 167 277 77 187 178 166 276 267 76 67 186 168 287 278
16 178 168 278 78 188 179 177 268 68 169 167 288 279 277 88 79
16 179 169 279 79 189 178 269 69 168 289 278 89 78 188 268 68
16 180 280 181 80 190 170 281 81 290 270 191 171 90 70 291 271
16 181 281 182 180 81 191 171 282 280 82 80 291 271 192 190 172
16 182 282 183 181 82 192 172 283 281 83 81 292 272 193 191 173
16 183 283 184 182 83 193 173 284 282 84 82 293 273 194 192 174
16 184 284 183 84 194 185 174 283 83 294 285 274 193 173 94 85
16 185 186 285 85 195 184 175 286 86 196 176 295 284 275 95 84
16 186 187 185 286 86 196 176 287 285 87 85 197 195 177 175 296
16 187 186 287 87 197 188 177 286 86 196 176 297 288 277 97 88
16 188 288 88 198 189 187 178 298 289 287 278 98 89 87 78 199
16 189 289 89 199 188 179 299 288 279 99 88 79 198 178 298 278
16 190 290 191 90 180 291 91 280 181 80 281 81 390 192 170 391
16 191 291 192 190 91 181 292 290 92 90 281 182 180 81 282 280
16 192 292 193 191 92 182 293 291 93 91 282 183 181 82 283 281
16 193 293 194 192 93 183 294 292 94 92 283 184 182 83 284 282
16 194 294 193 94 195 184 293 93 295 284 183 95 84 185 283 83
16 195 196 295 95 194 185 296 96 186 294 285 94 85 184 286 86
16 196 197 195 296 96 186 297 295 97 95 187 185 286 86 287 285
16 197 196 297 97 198 187 296 96 186 298 287 98 87 188 286 86
16 198 298 98 199 197 188 299 297 288 99 97 88 189 187 289 287
16 199 299 99 198 189 298 289 98 89 188 288 88 399 197 179 398
16 200 300 210 201 100 310 301 211 110 101 311 111 400 220 202 0
16 201 301 211 202 200 101 311 302 300 212 210 111 102 100 312 310
16 202 302 212 203 201 102 312 303 301 213 211 112 103 101 313 311
16 203 303 213 204 202 103 313 304 302 214 212 113 104 102 314 312
16 204 304 214 203 104 205 314 303 213 114 103 305 215 105 313 113
16 205 206 305 215 105 204 306 216 106 315 115 304 214 104 316 116
16 206 207 205 306 216 106 307 305 217 215 107 105 316 116 317 315
16 207 206 307 217 107 208 306 216 106 317 117 308 218 108 316 116
16 208 308 218 108 209 207 318 118 309 307 219 217 109 107 319 317
16 209 309 219 109 208 319 119 308 218 108 318 118 409 229 9 207
16 210 310 220 211 200 110 320 311 300 221 201 120 111 100 321 301
16 211 311 221 212 210 201 111 321 312 310 301 222 220 202 200 121
16 212 312 222 213 211 202 112 322 313 311 302 223 221 203 201 122
16 213 313 223 214 212 203 113 323 314 312 303 224 222 204 202 123
16 214 314 224 213 204 114 215 324 313 304 223 203 124 113 104 315
16 215 216 315 225 205 115 214 316 226 206 116 325 305 125 105 314
16 216 217 215 316 226 206 116 317 315 227 225 207 205 117 115 326
16 217 216 317 227 207 117 218 316 226 206 116 327 307 127 107 318
16 218 318 228 208 118 219 217 328 308 128 108 319 317 229 227 209
16 219 319 229 209 119 218 329 309 129 109 318 228 208 118 328 308
16 220 320 230 221 210 120 330 321 310 231 211 130 121 110 331 311
16 221 321 231 222 220 211 121 331 322 320 311 232 230 212 210 131
16 222 322 232 223 221 212 122 332 323 321 312 233 231 213 211 132
16 223 323 233 224 222 213 123 333 324 322 313 234 232 214 212 133
16 224 324 234 223 214 124 225 334 323 314 233 213 134 123 114 325
16 225 226 325 235 215 125 224 326 236 216 126 335 315 135 115 324
16 226 227 225 326 236 216 126 327 325 237 235 217 215 127 125 336
16 227 226 327 237 217 127 228 326 236 216 126 337 317 137 117 328
16 228 328 238 218 128 229 227 338 318 138 118 329 327 239 237 219
16 229 329 239 219 129 228 339 319 139 119 328 238 218 128 338 318
16 230 330 240 231 220 130 340 331 320 241 221 140 131 120 341 321
16 231 331 241 232 230 221 131 341 332 330 321 242 240 222 220 141
16 232 332 242 233 231 222 132 342 333 331 322 243 241 223 221 142
16 233 333 243 234 232 223 133 343 334 332 323 244 242 224 222 143
16 234 334 244 233 224 134 235 344 333 324 243 223 144 133 124 335
16 235 236 335 245 225 135 234 336 246 226 136 345 325 145 125 334
16 236 237 235 336 246 226 136 337 335 247 245 227 225 137 135 346
16 237 236 337 247 227 137 238 336 246 226 136 347 327 147 127 338
16 238 338 248 228 138 239 237 348 328 148 128 339 337 249 247 229
16 239 339 249 229 139 238 349 329 149 129 338 248 228 138 348 328
16 240 340 241 230 140 250 341 330 231 141 130 350 251 150 331 131
16 241 341 242 240 231 141 251 342 340 331 232 230 142 140 131 351
16 242 342 243 241 232 142 252 343 341 332 233 231 143 141 132 352
16 243 343 244 242 233 143 253 344 342 333 234 232 144 142 133 353
16 244 344 243 234 144 254 245 343 334 233 143 134 354 345 253 235
16 245 246 345 235 145 255 244 346 236 146 335 256 135 355 344 234
16 246 247 245 346 236 146 256 347 345 237 235 147 145 336 257 255
16 247 246 347 237 147 257 248 346 236 146 337 256 137 357 348 238
16 248 348 238 148 258 249 247 338 138 358 349 347 239 237 158 149
16 249 349 239 149 259 248 339 139 359 348 238 159 148 258 338 138
16 250 260 350 251 150 240 360 261 160 351 151 340 241 140 361 161
16 251 261 351 252 250 151 241 361 262 260 161 352 350 152 150 341
16 252 262 352 253 251 152 242 362 263 261 162 353 351 153 151 342
16 253 263 353 254 252 153 243 363 264 262 163 354 352 154 152 343
16 254 264 354 253 154 255 244 364 263 164 353 265 153 355 344 243
16 255 265 256 355 155 254 245 266 365 356 165 156 264 246 354 345
16 256 266 257 255 356 156 246 267 265 366 357 355 166 157 155 247
16 257 267 256 357 157 258 247 266 367 356 167 156 268 246 358 347
16 258 268 358 158 259 257 248 368 168 269 267 359 357 348 159 157
16 259 269 359 159 258 249 369 169 268 358 349 158 149 248 368 168
16 260 270 250 360 261 160 370 350 271 251 170 150 361 161 371 351
16 261 271 251 361 262 260 161 371 351 272 270 252 250 171 151 362
16 262 272 252 362 263 261 162 372 352 273 271 253 251 172 152 363
16 263 273 253 363 264 262 163 373 353 274 272 254 252 173 153 364
16 264 274 254 364 263 164 265 374 354 273 253 174 154 363 275 255
16 265 275 266 255 365 165 264 276 256 375 366 355 175 166 155 274
16 266 276 267 265 256 366 166 277 275 257 255 376 367 365 356 176
16 267 277 266 257 367 167 268 276 256 377 366 357 177 166 157 278
16 268 278 258 368 168 269 267 378 358 178 158 279 277 259 257 369
16 269 279 259 369 169 268 379 359 179 159 278 258 368 168 378 358
16 270 260 370 271 170 280 360 261 160 371 171 380 281 180 361 161
16 271 261 371 272 270 171 281 361 262 260 161 372 370 172 170 381
16 272 262 372 273 271 172 282 362 263 261 162 373 371 173 171 382
16 273 263 373 274 272 173 283 363 264 262 163 374 372 174 172 383
16 274 264 374 273 174 284 275 364 263 164 373 265 173 384 375 283
16 275 276 265 375 175 285 274 266 376 365 176 165 286 264 385 374
16 276 277 275 266 376 176 286 267 265 377 375 366 177 175 166 287
16 277 276 267 377 177 287 278 266 376 367 176 167 286 268 387 378
16 278 268 378 178 288 279 277 368 168 269 267 388 379 377 188 179
16 279 269 379 179 289 278 369 169 268 389 378 189 178 288 368 168
16 280 380 281 180 290 270 381 181 390 370 291 271 190 170 391 371
16 281 381 282 280 181 291 271 382 380 182 180 391 371 292 290 272
16 282 382 283 281 182 292 272 383 381 183 181 392 372 293 291 273
16 283 383 284 282 183 293 273 384 382 184 182 393 373 294 292 274
16 284 384 283 184 294 285 274 383 183 394 385 374 293 273 194 185
16 285 286 385 185 295 284 275 386 186 296 276 395 384 375 195 184
16 286 287 285 386 186 296 276 387 385 187 185 297 295 277 275 396
16 287 286 387 187 297 288 277 386 186 296 276 397 388 377 197 188
16 288 388 188 298 289 287 278 398 389 387 378 198 189 187 178 299
16 289 389 189 299 288 279 399 388 379 199 188 179 298 278 398 378
16 290 390 291 190 280 391 191 380 281 180 381 181 490 292 90 270
16 291 391 292 290 191 281 392 390 192 190 381 282 280 181 382 380
16 292 392 293 291 192 282 393 391 193 191 382 283 281 182 383 381
16 293 393 294 292 193 283 394 392 194 192 383 284 282 183 384 382
16 294 394 293 194 295 284 393 193 395 384 283 195 184 285 383 183
16 295 296 395 195 294 285 396 196 286 394 385 194 185 284 386 186
16 296 297 295 396 196 286 397 395 197 195 287 285 386 186 387 385
16 297 296 397 197 298 287 396 196 286 398 387 198 187 288 386 186
16 298 398 198 299 297 288 399 397 388 199 197 188 289 287 389 387
16 299 399 199 298 289 398 389 198 189 288 388 188 499 99 297 279
16 300 400 310 301 200 410 401 311 210 201 411 211 320 302 100 500
16 301 401 311 302 300 201 411 402 400 312 310 211 202 200 412 410
16 302 402 312 303 301 202 412 403 401 313 311 212 203 201 413 411
16 303 403 313 304 302 203 413 404 402 314 312 213 204 202 414 412
16 304 404 314 303 204 305 414 403 313 214 203 405 315 205 413 213
16 305 306 405 315 205 304 406 316 206 415 215 404 314 204 416 216
16 306 307 305 406 316 206 407 405 317 315 207 205 416 216 417 415
16 307 306 407 317 207 308 406 316 206 417 217 408 318 208 416 216
16 308 408 318 208 309 307 418 218 409 407 319 317 209 207 419 417
16 309 409 319 209 308 419 219 408 318 208 418 218 329 109 509 307
16 310 410 320 311 300 210 420 411 400 321 301 220 211 200 421 401
16 311 411 321 312 310 301 211 421 412 410 401 322 320 302 300 221
16 312 412 322 313 311 302 212 422 413 411 402 323 321 303 301 222
16 313 413 323 314 312 303 213 423 414 412 403 324 322 304 302 223
16 314 414 324 313 304 214 315 424 413 404 323 303 224 213 204 415
16 315 316 415 325 305 215 314 416 326 306 216 425 405 225 205 414
16 316 317 315 416 326 306 216 417 415 327 325 307 305 217 215 426
16 317 316 417 327 307 217 318 416 326 306 216 427 407 227 207 418
16 318 418 328 308 218 319 317 428 408 228 208 419 417 329 327 309
16 319 419 329 309 219 318 429 409 229 209 418 328 308 218 428 408
16 320 420 330 321 310 220 430 421 410 331 311 230 221 210 431 411
16 321 421 331 322 320 311 221 431 422 420 411 332 330 312 310 231
16 322 422 332 323 321 312 222 432 423 421 412 333 331 313 311 232
16 323 423 333 324 322 313 223 433 424 422 413 334 332 314 312 233
16 324 424 334 323 314 224 325 434 423 414 333 313 234 223 214 425
16 325 326 425 335 315 225 324 426 336 316 226 435 415 235 215 424
16 326 327 325 426 336 316 226 427 425 337 335 317 315 227 225 436
16 327 326 427 337 317 227 328 426 336 316 226 437 417 237 217 428
16 328 428 338 318 228 329 327 438 418 238 218 429 427 339 337 319
16 329 429 339 319 229 328 439 419 239 219 428 338 318 228 438 418
16 330 430 340 331 320 230 440 431 420 341 321 240 231 220 441 421
16 331 431 341 332 330 321 231 441 432 430 421 342 340 322 320 241
16 332 432 342 333 331 322 232 442 433 431 422 343 341 323 321 242
16 333 433 343 334 332 323 233 443 434 432 423 344 342 324 322 243
16 334 434 344 333 324 234 335 444 433 424 343 323 244 233 224 435
16 335 336 435 345 325 235 334 436 346 326 236 445 425 245 225 434
16 336 337 335 436 346 326 236 437 435 347 345 327 325 237 235 446
16 337 336 437 347 327 237 338 436 346 326 236 447 427 247 227 438
16 338 438 348 328 238 339 337 448 428 248 228 439 437 349 347 329
16 339 439 349 329 239 338 449 429 249 229 438 348 328 238 448 428
16 340 440 341 330 240 350 441 430 331 241 230 450 351 250 431 231
16 341 441 342 340 331 241 351 442 440 431 332 330 242 240 231 451
16 342 442 343 341 332 242 352 443 441 432 333 331 243 241 232 452
16 343 443 344 342 333 243 353 444 442 433 334 332 244 242 233 453
16 344 444 343 334 244 354 345 443 434 333 243 234 454 445 353 335
16 345 346 445 335 245 355 344 446 336 246 435 356 235 455 444 334
16 346 347 345 446 336 246 356 447 445 337 335 247 245 436 357 355
16 347 346 447 337 247 357 348 446 336 246 437 356 237 457 448 338
16 348 448 338 248 358 349 347 438 238 458 449 447 339 337 258 249
16 349 449 339 249 359 348 439 239 459 448 338 259 248 358 438 238
16 350 360 450 351 250 340 460 361 260 451 251 440 341 240 461 261
16 351 361 451 352 350 251 341 461 362 360 261 452 450 252 250 441
16 352 362 452 353 351 252 342 462 363 361 262 453 451 253 251 442
16 353 363 453 354 352 253 343 463 364 362 263 454 452 254 252 443
16 354 364 454 353 254 355 344 464 363 264 453 365 253 455 444 343
16 355 365 356 455 255 354 345 366 465 456 265 256 364 346 454 445
16 356 366 357 355 456 256 346 367 365 466 457 455 266 257 255 347
16 357 367 356 457 257 358 347 366 467 456 267 256 368 346 458 447
16 358 368 458 258 359 357 348 468 268 369 367 459 457 448 259 257
16 359 369 459 259 358 349 469 269 368 458 449 258 249 348 468 268
16 360 370 350 460 361 260 470 450 371 351 270 250 461 261 471 451
16 361 371 351 461 362 360 261 471 451 372 370 352 350 271 251 462
16 362 372 352 462 363 361 262 472 452 373 371 353 351 272 252 463
16 363 373 353 463 364 362 263 473 453 374 372 354 352 273 253 464
16 364 374 354 464 363 264 365 474 454 373 353 274 254 463 375 355
16 365 375 366 355 465 265 364 376 356 475 466 455 275 266 255 374
16 366 376 367 365 356 466 266 377 375 357 355 476 467 465 456 276
16 367 377 366 357 467 267 368 376 356 477 466 457 277 266 257 378
16 368 378 358 468 268 369 367 478 458 278 258 379 377 359 357 469
16 369 379 359 469 269 368 479 459 279 259 378 358 468 268 478 458
16 370 360 470 371 270 380 460 361 260 471 271 480 381 280 461 261
16 371 361 471 372 370 271 381 461 362 360 261 472 470 272 270 481
16 372 362 472 373 371 272 382 462 363 361 262 473 471 273 271 482
16 373 363 473 374 372 273 383 463 364 362 263 474 472 274 272 483
16 374 364 474 373 274 384 375 464 363 264 473 365 273 484 475 383
16 375 376 365 475 275 385 374 366 476 465 276 265 386 364 485 474
16 376 377 375 366 476 276 386 367 365 477 475 466 277 275 266 387
16 377 376 367 477 277 387 378 366 476 467 276 267 386 368 487 478
16 378 368 478 278 388 379 377 468 268 369 367 488 479 477 288 279
16 379 369 479 279 389 378 469 269 368 489 478 289 278 388 468 268
16 380 480 381 280 390 370 481 281 490 470 391 371 290 270 491 471
16 381 481 382 380 281 391 371 482 480 282 280 491 471 392 390 372
16 382 482 383 381 282 392 372 483 481 283 281 492 472 393 391 373
16 383 483 384 382 283 393 373 484 482 284 282 493 473 394 392 374
16 384 484 383 284 394 385 374 483 283 494 485 474 393 373 294 285
16 385 386 485 285 395 384 375 486 286 396 376 495 484 475 295 284
16 386 387 385 486 286 396 376 487 485 287 285 397 395 377 375 496
16 387 386 487 287 397 388 377 486 286 396 376 497 488 477 297 288
16 388 488 288 398 389 387 378 498 489 487 478 298 289 287 278 399
16 389 489 289 399 388 379 499 488 479 299 288 279 398 378 498 478
16 390 490 391 290 380 491 291 480 381 280 481 281 392 190 590 370
16 391 491 392 390 291 381 492 490 292 290 481 382 380 281 482 480
16 392 492 393 391 292 382 493 491 293 291 482 383 381 282 483 481
16 393 493 394 392 293 383 494 492 294 292 483 384 382 283 484 482
16 394 494 393 294 395 384 493 293 495 484 383 295 284 385 483 283
16 395 396 495 295 394 385 496 296 386 494 485 294 285 384 486 286
16 396 397 395 496 296 386 497 495 297 295 387 385 486 286 487 485
16 397 396 497 297 398 387 496 296 386 498 487 298 287 388 486 286
16 398 498 298 399 397 388 499 497 488 299 297 288 389 387 489 487
16 399 499 299 398 389 498 489 298 289 388 488 288 199 599 397 379
16 400 410 401 300 500 411 310 301 510 501 311 511 600 420 402 200
16 401 411 402 400 301 501 412 410 311 302 300 511 502 500 312 310
16 402 412 403 401 302 502 413 411 312 303 301 512 503 501 313 311
16 403 413 404 402 303 503 414 412 313 304 302 513 504 502 314 312
16 404 414 403 304 504 405 413 314 303 514 503 415 305 505 313 513
16 405 406 415 305 505 404 416 306 506 315 515 414 304 504 316 516
16 406 407 405 416 306 506 417 415 307 305 507 505 316 516 317 315
16 407 406 417 307 507 408 416 306 506 317 517 418 308 508 316 516
16 408 418 308 508 409 407 318 518 419 417 309 307 509 507 319 317
16 409 419 309 509 408 319 519 418 308 508 318 518 609 429 209 407
16 410 420 411 400 310 510 421 401 320 311 300 520 511 500 321 301
16 411 421 412 410 401 311 511 422 420 402 400 321 312 310 301 521
16 412 422 413 411 402 312 512 423 421 403 401 322 313 311 302 522
16 413 423 414 412 403 313 513 424 422 404 402 323 314 312 303 523
16 414 424 413 404 314 514 415 423 403 324 313 304 524 513 504 425
16 415 416 425 405 315 515 414 426 406 316 516 325 305 525 505 424
16 416 417 415 426 406 316 516 427 425 407 405 317 315 517 515 326
16 417 416 427 407 317 517 418 426 406 316 516 327 307 527 507 428
16 418 428 408 318 518 419 417 328 308 528 508 429 427 409 407 319
16 419 429 409 319 519 418 329 309 529 509 428 408 318 518 328 308
16 420 430 421 410 320 520 431 411 330 321 310 530 521 510 331 311
16 421 431 422 420 411 321 521 432 430 412 410 331 322 320 311 531
16 422 432 423 421 412 322 522 433 431 413 411 332 323 321 312 532
16 423 433 424 422 413 323 523 434 432 414 412 333 324 322 313 533
16 424 434 423 414 324 524 425 433 413 334 323 314 534 523 514 435
16 425 426 435 415 325 525 424 436 416 326 526 335 315 535 515 434
16 426 427 425 436 416 326 526 437 435 417 415 327 325 527 525 336
16 427 426 437 417 327 527 428 436 416 326 526 337 317 537 517 438
16 428 438 418 328 528 429 427 338 318 538 518 439 437 419 417 329
16 429 439 419 329 529 428 339 319 539 519 438 418 328 528 338 318
16 430 440 431 420 330 530 441 421 340 331 320 540 531 520 341 321
16 431 441 432 430 421 331 531 442 440 422 420 341 332 330 321 541
16 432 442 433 431 422 332 532 443 441 423 421 342 333 331 322 542
16 433 443 434 432 423 333 533 444 442 424 422 343 334 332 323 543
16 434 444 433 424 334 534 435 443 423 344 333 324 544 533 524 445
16 435 436 445 425 335 535 434 446 426 336 536 345 325 545 525 444
16 436 437 435 446 426 336 536 447 445 427 425 337 335 537 535 346
16 437 436 447 427 337 537 438 446 426 336 536 347 327 547 527 448
16 438 448 428 338 538 439 437 348 328 548 528 449 447 429 427 339
16 439 449 429 339 539 438 349 329 549 529 448 428 338 538 348 328
16 440 441 430 340 540 450 431 341 330 541 530 451 350 550 331 531
16 441 442 440 431 341 541 451 432 430 342 340 331 542 540 531 452
16 442 443 441 432 342 542 452 433 431 343 341 332 543 541 532 453
16 443 444 442 433 343 543 453 434 432 344 342 333 544 542 533 454
16 444 443 434 344 544 454 445 433 343 334 543 534 453 435 354 345
16 445 446 435 345 545 455 444 436 346 546 456 335 535 434 355 344
16 446 447 445 436 346 546 456 437 435 347 345 547 545 457 455 336
16 447 446 437 347 547 457 448 436 346 546 456 337 537 438 357 348
16 448 438 348 548 458 449 447 338 538 439 437 358 349 347 558 549
16 449 439 349 549 459 448 339 539 438 359 348 559 548 458 338 538
16 450 460 451 350 550 440 461 360 560 351 551 441 340 540 361 561
16 451 461 452 450 351 551 441 462 460 361 561 352 350 552 550 442
16 452 462 453 451 352 552 442 463 461 362 562 353 351 553 551 443
16 453 463 454 452 353 553 443 464 462 363 563 354 352 554 552 444
16 454 464 453 354 554 455 444 463 364 564 465 353 553 443 355 344
16 455 465 456 355 555 454 445 466 365 356 565 556 464 446 354 345
16 456 466 457 455 356 556 446 467 465 366 357 355 566 557 555 447
16 457 467 456 357 557 458 447 466 367 356 567 556 468 446 358 347
16 458 468 358 558 459 457 448 368 568 469 467 359 357 348 559 557
16 459 469 359 559 458 449 369 569 468 358 349 558 549 448 368 568
16 460 470 450 461 360 560 471 451 370 350 570 550 361 561 371 351
16 461 471 451 462 460 361 561 472 470 452 450 371 351 571 551 362
16 462 472 452 463 461 362 562 473 471 453 451 372 352 572 552 363
16 463 473 453 464 462 363 563 474 472 454 452 373 353 573 553 364
16 464 474 454 463 364 564 465 473 453 374 354 574 554 475 455 363
16 465 475 466 455 365 565 464 476 456 375 366 355 575 566 555 474
16 466 476 467 465 456 366 566 477 475 457 455 376 367 365 356 576
16 467 477 466 457 367 567 468 476 456 377 366 357 577 566 557 478
16 468 478 458 368 568 469 467 378 358 578 558 479 477 459 457 369
16 469 479 459 369 569 468 379 359 579 559 478 458 368 568 378 358
16 470 460 471 370 570 480 461 360 560 371 571 481 380 580 361 561
16 471 461 472 470 371 571 481 462 460 361 561 372 370 572 570 482
16 472 462 473 471 372 572 482 463 461 362 562 373 371 573 571 483
16 473 463 474 472 373 573 483 464 462 363 563 374 372 574 572 484
16 474 464 473 374 574 484 475 463 364 564 465 373 573 483 384 375
16 475 476 465 375 575 485 474 466 376 365 576 565 486 464 385 374
16 476 477 475 466 376 576 486 467 465 377 375 366 577 575 566 487
16 477 476 467 377 577 487 478 466 376 367 576 567 486 468 387 378
16 478 468 378 578 488 479 477 368 568 469 467 388 379 377 588 579
16 479 469 379 579 489 478 369 569 468 389 378 589 578 488 368 568
16 480 481 380 580 490 470 381 581 491 471 390 370 590 570 391 371
16 481 482 480 381 581 491 471 382 380 582 580 492 490 472 470 391
16 482 483 481 382 582 492 472 383 381 583 581 493 491 473 471 392
16 483 484 482 383 583 493 473 384 382 584 582 494 492 474 472 393
16 484 483 384 584 494 485 474 383 583 493 473 394 385 374 594 585
16 485 486 385 585 495 484 475 386 586 496 476 395 384 375 595 584
16 486 487 485 386 586 496 476 387 385 587 585 497 495 477 475 396
16 487 486 387 587 497 488 477 386 586 496 476 397 388 377 597 588
16 488 388 588 498 489 487 478 398 389 387 378 598 589 587 578 499
16 489 389 589 499 488 479 399 388 379 599 588 579 498 478 398 378
16 490 491 390 590 480 391 591 481 380 580 381 581 690 492 290 470
16 491 492 490 391 591 481 392 390 592 590 482 480 381 581 382 380
16 492 493 491 392 592 482 393 391 593 591 483 481 382 582 383 381
16 493 494 492 393 593 483 394 392 594 592 484 482 383 583 384 382
16 494 493 394 594 495 484 393 593 483 395 384 595 584 485 383 583
16 495 496 395 595 494 485 396 596 486 394 385 594 585 484 386 586
16 496 497 495 396 596 486 397 395 597 595 487 485 386 586 387 385
16 497 496 397 597 498 487 396 596 486 398 387 598 587 488 386 586
16 498 398 598 499 497 488 399 397 388 599 597 588 489 487 389 387
16 499 399 599 498 489 398 389 598 589 488 388 588 699 299 497 479
16 500 600 510 501 400 610 601 511 410 401 611 411 700 520 502 300
16 501 601 511 502 500 401 611 602 600 512 510 411 402 400 612 610
16 502 602 512 503 501 402 612 603 601 513 511 412 403 401 613 611
16 503 603 513 504 502 403 613 604 602 514 512 413 404 402 614 612
16 504 604 514 503 505 404 614 603 605 513 515 414 403 405 613 615
16 505 605 506 515 504 405 606 615 516 604 406 514 415 404 616 614
16 506 606 507 505 516 406 607 605 616 517 515 407 405 416 617 615
16 507 607 506 517 508 407 606 617 516 608 406 518 417 408 616 618
16 508 608 518 509 507 408 618 609 607 519 517 418 409 407 619 617
16 509 609 519 508 409 619 608 518 419 408 618 418 709 529 309 507
16 510 610 520 511 500 410 620 611 600 521 501 420 411 400 621 601
16 511 611 521 512 510 501 411 621 612 610 601 522 520 502 500 421
16 512 612 522 513 511 502 412 622 613 611 602 523 521 503 501 422
16 513 613 523 514 512 503 413 623 614 612 603 524 522 504 502 423
16 514 614 524 513 504 515 414 624 613 604 615 523 503 525 505 424
16 515 615 516 525 505 514 415 616 625 605 526 506 614 416 524 504
16 516 616 517 515 526 506 416 617 615 626 606 527 525 507 505 417
16 517 617 516 527 507 518 417 616 627 607 526 506 618 416 528 508
16 518 618 528 508 519 517 418 628 608 619 617 529 527 509 507 428
16 519 619 529 509 518 419 629 609 618 528 508 429 409 418 628 608
16 520 620 530 521 510 420 630 621 610 531 511 430 421 410 631 611
16 521 621 531 522 520 511 421 631 622 620 611 532 530 512 510 431
16 522 622 532 523 521 512 422 632 623 621 612 533 531 513 511 432
16 523 623 533 524 522 513 423 633 624 622 613 534 532 514 512 433
16 524 624 534 523 514 525 424 634 623 614 625 533 513 535 515 434
16 525 625 526 535 515 524 425 626 635 615 536 516 624 426 534 514
16 526 626 527 525 536 516 426 627 625 636 616 537 535 517 515 427
16 527 627 526 537 517 528 427 626 637 617 536 516 628 426 538 518
16 528 628 538 518 529 527 428 638 618 629 627 539 537 519 517 438
16 529 629 539 519 528 429 639 619 628 538 518 439 419 428 638 618
16 530 630 540 531 520 430 640 631 620 541 521 440 431 420 641 621
16 531 631 541 532 530 521 431 641 632 630 621 542 540 522 520 441
16 532 632 542 533 531 522 432 642 633 631 622 543 541 523 521 442
16 533 633 543 534 532 523 433 643 634 632 623 544 542 524 522 443
16 534 634 544 533 524 535 434 644 633 624 635 543 523 545 525 444
16 535 635 536 545 525 534 435 636 645 625 546 526 634 436 544 524
16 536 636 537 535 546 526 436 637 635 646 626 547 545 527 525 437
16 537 637 536 547 527 538 437 636 647 627 546 526 638 436 548 528
16 538 638 548 528 539 537 438 648 628 639 637 549 547 529 527 448
16 539 639 549 529 538 439 649 629 638 548 528 449 429 438 648 628
16 540 640 541 530 550 440 641 630 650 531 551 441 430 450 631 651
16 541 641 542 540 531 551 441 642 640 631 651 532 530 552 550 442
16 542 642 543 541 532 552 442 643 641 632 652 533 531 553 551 443
16 543 643 544 542 533 553 443 644 642 633 653 534 532 554 552 444
16 544 644 543 534 554 545 444 643 634 654 645 533 553 535 443 434
16 545 645 546 535 555 544 445 646 635 536 655 644 556 446 534 435
16 546 646 547 545 536 556 446 647 645 636 537 535 656 557 555 447
16 547 647 546 537 557 548 447 646 637 536 657 648 556 446 538 437
16 548 648 538 558 549 547 448 638 658 649 647 539 537 438 559 557
16 549 649 539 559 548 449 639 659 648 538 439 558 459 448 638 658
16 550 650 560 551 540 450 660 651 561 640 460 541 451 440 661 641
16 551 651 561 552 550 541 451 661 652 650 562 560 641 461 542 540
16 552 652 562 553 551 542 452 662 653 651 563 561 642 462 543 541
16 553 653 563 554 552 543 453 663 654 652 564 562 643 463 544 542
16 554 654 564 553 555 544 454 664 653 563 655 644 565 464 543 453
16 555 655 565 556 554 545 455 665 656 566 654 645 564 546 465 456
16 556 656 566 557 555 546 456 666 657 655 567 565 646 547 545 466
16 557 657 567 556 558 547 457 667 656 566 658 647 568 546 467 456
16 558 658 568 559 557 548 458 668 659 657 648 569 567 468 549 547
16 559 659 569 558 549 459 669 658 649 568 469 548 458 449 668 648
16 560 660 570 550 561 460 670 650 661 571 551 470 450 461 671 651
16 561 661 571 551 562 560 461 671 651 662 660 572 570 552 550 471
16 562 662 572 552 563 561 462 672 652 663 661 573 571 553 551 472
16 563 663 573 553 564 562 463 673 653 664 662 574 572 554 552 473
16 564 664 574 554 563 565 464 674 654 663 573 553 665 575 555 474
16 565 665 575 566 555 564 465 675 666 655 576 556 664 574 554 475
16 566 666 576 567 565 556 466 676 667 665 656 577 575 557 555 476
16 567 667 577 566 557 568 467 677 666 657 576 556 668 578 558 477
16 568 668 578 558 569 567 468 678 658 669 667 579 577 559 557 478
16 569 669 579 559 568 469 679 659 668 578 558 479 459 468 678 658
16 570 670 560 571 580 470 660 671 561 680 460 581 471 480 661 681
16 571 671 561 572 570 581 471 661 672 670 562 560 681 461 582 580
16 572 672 562 573 571 582 472 662 673 671 563 561 682 462 583 581
16 573 673 563 574 572 583 473 663 674 672 564 562 683 463 584 582
16 574 674 564 573 584 575 474 664 673 563 684 675 565 464 583 473
16 575 675 576 565 585 574 475 676 665 566 685 674 586 564 476 465
16 576 676 577 575 566 586 476 677 675 666 567 565 686 587 585 477
16 577 677 576 567 587 578 477 676 667 566 687 678 586 568 476 467
16 578 678 568 588 579 577 478 668 688 679 677 569 567 468 589 587
16 579 679 569 589 578 479 669 689 678 568 469 588 489 478 668 688
16 580 680 581 590 570 480 681 690 670 591 571 481 490 470 691 671
16 581 681 582 580 591 571 481 682 680 691 671 592 590 572 570 482
16 582 682 583 581 592 572 482 683 681 692 672 593 591 573 571 483
16 583 683 584 582 593 573 483 684 682 693 673 594 592 574 572 484
16 584 684 583 594 585 574 484 683 694 685 674 593 573 483 595 575
16 585 685 586 595 584 575 485 686 695 684 675 596 576 486 594 574
16 586 686 587 585 596 576 486 687 685 696 676 597 595 577 575 487
16 587 687 586 597 588 577 487 686 697 688 677 596 576 486 598 578
16 588 688 598 589 587 578 488 698 689 687 678 599 597 579 577 498
16 589 689 599 588 579 489 699 688 679 598 578 499 488 479 698 678
16 590 690 591 580 490 691 680 581 491 480 681 481 790 592 390 570
16 591 691 592 590 581 491 692 690 681 582 580 492 490 481 682 680
16 592 692 593 591 582 492 693 691 682 583 581 493 491 482 683 681
16 593 693 594 592 583 493 694 692 683 584 582 494 492 483 684 682
16 594 694 593 595 584 494 693 695 684 583 493 585 495 484 683 685
16 595 695 596 594 585 495 696 694 685 586 496 584 494 485 686 684
16 596 696 597 595 586 496 697 695 686 587 585 497 495 486 687 685
16 597 697 596 598 587 497 696 698 687 586 496 588 498 487 686 688
16 598 698 599 597 588 498 699 697 688 589 587 499 497 488 689 687
16 599 699 598 589 499 698 689 588 498 489 688 488 799 399 597 579
16 600 700 500 610 601 710 701 510 501 611 711 511 800 620 602 400
16 601 701 501 611 602 600 711 702 700 511 502 500 612 610 712 710
16 602 702 502 612 603 601 712 703 701 512 503 501 613 611 713 711
16 603 703 503 613 604 602 713 704 702 513 504 502 614 612 714 712
16 604 704 504 614 603 605 714 703 514 503 705 613 505 615 713 513
16 605 705 606 505 615 604 706 506 715 616 515 704 504 614 716 516
16 606 706 607 605 506 616 707 705 507 505 716 617 615 516 717 715
16 607 707 606 507 617 608 706 506 717 616 517 708 508 618 716 516
16 608 708 508 618 609 607 718 518 709 707 509 507 619 617 719 717
16 609 709 509 619 608 719 519 708 508 618 718 518 809 629 409 607
16 610 710 510 620 611 600 720 711 700 520 511 500 621 601 721 701
16 611 711 511 621 612 610 601 721 712 710 701 521 512 510 501 622
16 612 712 512 622 613 611 602 722 713 711 702 522 513 511 502 623
16 613 713 513 623 614 612 603 723 714 712 703 523 514 512 503 624
16 614 714 514 624 613 604 615 724 713 704 524 513 504 715 623 603
16 615 715 616 515 625 605 614 716 516 725 705 626 606 525 505 714
16 616 716 617 615 516 626 606 717 715 517 515 726 706 627 625 607
16 617 717 616 517 627 607 618 716 516 727 707 626 606 527 507 718
16 618 718 518 628 608 619 617 728 708 528 508 719 717 519 517 629
16 619 719 519 629 609 618 729 709 529 509 718 518 628 608 728 708
16 620 720 520 630 621 610 730 721 710 530 521 510 631 611 731 711
16 621 721 521 631 622 620 611 731 722 720 711 531 522 520 511 632
16 622 722 522 632 623 621 612 732 723 721 712 532 523 521 512 633
16 623 723 523 633 624 622 613 733 724 722 713 533 524 522 513 634
16 624 724 524 634 623 614 625 734 723 714 534 523 514 725 633 613
16 625 725 626 525 635 615 624 726 526 735 715 636 616 535 515 724
16 626 726 627 625 526 636 616 727 725 527 525 736 716 637 635 617
16 627 727 626 527 637 617 628 726 526 737 717 636 616 537 517 728
16 628 728 528 638 618 629 627 738 718 538 518 729 727 529 527 639
16 629 729 529 639 619 628 739 719 539 519 728 528 638 618 738 718
16 630 730 530 640 631 620 740 731 720 540 531 520 641 621 741 721
16 631 731 531 641 632 630 621 741 732 730 721 541 532 530 521 642
16 632 732 532 642 633 631 622 742 733 731 722 542 533 531 522 643
16 633 733 533 643 634 632 623 743 734 732 723 543 534 532 523 644
16 634 734 534 644 633 624 635 744 733 724 544 533 524 735 643 623
16 635 735 636 535 645 625 634 736 536 745 725 646 626 545 525 734
16 636 736 637 635 536 646 626 737 735 537 535 746 726 647 645 627
16 637 737 636 537 647 627 638 736 536 747 727 646 626 547 527 738
16 638 738 538 648 628 639 637 748 728 548 528 739 737 539 537 649
16 639 739 539 649 629 638 749 729 549 529 738 538 648 628 748 728
16 640 740 540 641 630 650 741 730 541 530 750 631 550 651 731 531
16 641 741 541 642 640 631 651 742 740 731 542 540 531 751 632 630
16 642 742 542 643 641 632 652 743 741 732 543 541 532 752 633 631
16 643 743 543 644 642 633 653 744 742 733 544 542 533 753 634 632
16 644 744 544 643 634 654 645 743 734 543 534 754 745 633 554 545
16 645 745 646 545 635 655 644 746 546 735 636 535 755 744 656 555
16 646 746 647 645 546 636 656 747 745 547 545 736 637 635 536 756
16 647 747 646 547 637 657 648 746 546 737 636 537 757 748 656 557
16 648 748 548 638 658 649 647 738 538 758 749 747 558 549 547 639
16 649 749 549 639 659 648 739 539 759 748 559 548 638 658 738 538
16 650 750 660 550 651 640 760 560 751 661 551 740 540 641 761 561
16 651 751 661 551 652 650 641 761 561 752 750 662 660 552 550 741
16 652 752 662 552 653 651 642 762 562 753 751 663 661 553 551 742
16 653 753 663 553 654 652 643 763 563 754 752 664 662 554 552 743
16 654 754 664 554 653 655 644 764 564 753 663 553 755 744 665 555
16 655 755 665 656 555 654 645 765 756 666 565 556 754 745 664 646
16 656 756 666 657 655 556 646 766 757 755 667 665 566 557 555 746
16 657 757 667 656 557 658 647 767 756 666 567 556 758 747 668 646
16 658 758 668 558 659 657 648 768 568 759 757 748 669 667 559 557
16 659 759 669 559 658 649 769 569 758 749 668 558 549 648 768 568
16 660 760 670 650 560 661 770 750 570 550 761 671 651 561 771 751
16 661 761 671 651 561 662 660 771 751 571 551 762 760 672 670 652
16 662 762 672 652 562 663 661 772 752 572 552 763 761 673 671 653
16 663 763 673 653 563 664 662 773 753 573 553 764 762 674 672 654
16 664 764 674 654 564 663 665 774 754 574 554 763 673 653 563 765
16 665 765 675 666 655 565 664 775 766 755 676 656 575 566 555 764
16 666 766 676 667 665 656 566 776 767 765 756 677 675 657 655 576
16 667 767 677 666 657 567 668 777 766 757 676 656 577 566 557 768
16 668 768 678 658 568 669 667 778 758 578 558 769 767 679 677 659
16 669 769 679 659 569 668 779 759 579 559 768 678 658 568 778 758
16 670 770 660 570 671 680 760 560 771 661 571 780 580 681 761 561
16 671 771 661 571 672 670 681 761 561 772 770 662 660 572 570 781
16 672 772 662 572 673 671 682 762 562 773 771 663 661 573 571 782
16 673 773 663 573 674 672 683 763 563 774 772 664 662 574 572 783
16 674 774 664 574 673 684 675 764 564 773 663 573 784 775 665 584
16 675 775 676 665 575 685 674 776 765 666 576 565 785 774 686 664
16 676 776 677 675 666 576 686 777 775 766 667 665 577 575 566 786
16 677 777 676 667 577 687 678 776 767 666 576 567 787 778 686 668
16 678 778 668 578 688 679 677 768 568 788 779 777 669 667 588 579
16 679 779 669 579 689 678 769 569 789 778 668 589 578 688 768 568
16 680 780 580 681 690 670 781 581 790 770 590 570 691 671 791 771
16 681 781 581 682 680 691 671 782 780 582 580 791 771 591 571 692
16 682 782 582 683 681 692 672 783 781 583 581 792 772 592 572 693
16 683 783 583 684 682 693 673 784 782 584 582 793 773 593 573 694
16 684 784 584 683 694 685 674 783 583 794 785 774 594 585 574 693
16 685 785 686 585 695 684 675 786 586 795 784 775 696 676 595 584
16 686 786 687 685 586 696 676 787 785 587 585 796 776 697 695 677
16 687 787 686 587 697 688 677 786 586 797 788 777 696 676 597 588
16 688 788 588 698 689 687 678 798 789 787 778 598 589 587 578 699
16 689 789 589 699 688 679 799 788 779 599 588 579 698 678 798 778
16 690 790 590 691 680 791 591 780 580 681 781 581 890 692 490 670
16 691 791 591 692 690 681 792 790 592 590 781 581 682 680 782 780
16 692 792 592 693 691 682 793 791 593 591 782 582 683 681 783 781
16 693 793 593 694 692 683 794 792 594 592 783 583 684 682 784 782
16 694 794 594 693 695 684 793 593 795 784 595 584 683 685 783 583
16 695 795 696 595 694 685 796 596 794 785 686 594 585 684 786 586
16 696 796 697 695 596 686 797 795 597 595 786 687 685 586 787 785
16 697 797 696 597 698 687 796 596 798 787 686 598 587 688 786 586
16 698 798 598 699 697 688 799 797 788 599 597 588 689 687 789 787
16 699 799 599 698 689 798 789 598 589 688 788 588 899 499 697 679
16 700 600 710 701 800 610 601 711 810 801 611 811 500 720 702 900
16 701 601 711 702 700 801 611 602 600 712 710 811 802 800 612 610
16 702 602 712 703 701 802 612 603 601 713 711 812 803 801 613 611
16 703 603 713 704 702 803 613 604 602 714 712 813 804 802 614 612
16 704 604 714 703 804 705 614 603 713 605 814 803 715 805 613 615
16 705 706 605 715 805 704 606 716 615 806 604 815 714 804 616 816
16 706 707 705 606 716 806 607 605 717 715 616 807 805 816 617 615
16 707 706 607 717 807 708 606 716 617 806 608 817 718 808 616 816
16 708 608 718 808 709 707 618 609 607 818 719 717 809 807 619 617
16 709 609 719 809 708 619 608 819 718 808 618 818 509 729 909 707
16 710 610 720 711 700 810 620 611 600 721 701 820 811 800 621 601
16 711 611 721 712 710 701 811 621 612 610 601 722 720 702 700 821
16 712 612 722 713 711 702 812 622 613 611 602 723 721 703 701 822
16 713 613 723 714 712 703 813 623 614 612 603 724 722 704 702 823
16 714 614 724 713 704 814 715 624 613 604 723 703 615 824 813 804
16 715 716 615 725 705 815 714 616 726 706 625 605 816 614 825 805
16 716 717 715 616 726 706 816 617 615 727 725 707 705 626 606 817
16 717 716 617 727 707 817 718 616 726 706 627 607 816 618 827 807
16 718 618 728 708 818 719 717 628 608 619 617 828 808 729 727 709
16 719 619 729 709 819 718 629 609 618 829 809 728 708 818 628 608
16 720 620 730 721 710 820 630 621 610 731 711 830 821 810 631 611
16 721 621 731 722 720 711 821 631 622 620 611 732 730 712 710 831
16 722 622 732 723 721 712 822 632 623 621 612 733 731 713 711 832
16 723 623 733 724 722 713 823 633 624 622 613 734 732 714 712 833
16 724 624 734 723 714 824 725 634 623 614 733 713 625 834 823 814
16 725 726 625 735 715 825 724 626 736 716 635 615 826 624 835 815
16 726 727 725 626 736 716 826 627 625 737 735 717 715 636 616 827
16 727 726 627 737 717 827 728 626 736 716 637 617 826 628 837 817
16 728 628 738 718 828 729 727 638 618 629 627 838 818 739 737 719
16 729 629 739 719 829 728 639 619 628 839 819 738 718 828 638 618
16 730 630 740 731 720 830 640 631 620 741 721 840 831 820 641 621
16 731 631 741 732 730 721 831 641 632 630 621 742 740 722 720 841
16 732 632 742 733 731 722 832 642 633 631 622 743 741 723 721 842
16 733 633 743 734 732 723 833 643 634 632 623 744 742 724 722 843
16 734 634 744 733 724 834 735 644 633 624 743 723 635 844 833 824
16 735 736 635 745 725 835 734 636 746 726 645 625 836 634 845 825
16 736 737 735 636 746 726 836 637 635 747 745 727 725 646 626 837
16 737 736 637 747 727 837 738 636 746 726 647 627 836 638 847 827
16 738 638 748 728 838 739 737 648 628 639 637 848 828 749 747 729
16 739 639 749 729 839 738 649 629 638 849 829 748 728 838 648 628
16 740 640 741 730 840 750 641 630 731 650 841 830 751 850 631 651
16 741 641 742 740 731 841 751 642 640 631 732 730 651 842 840 831
16 742 642 743 741 732 842 752 643 641 632 733 731 652 843 841 832
16 743 643 744 742 733 843 753 644 642 633 734 732 653 844 842 833
16 744 644 743 734 844 754 745 643 634 733 654 645 843 834 753 735
16 745 746 645 735 845 755 744 646 736 635 846 756 655 644 835 734
16 746 747 745 646 736 846 756 647 645 737 735 636 847 845 757 755
16 747 746 647 737 847 757 748 646 736 637 846 756 657 648 837 738
16 748 648 738 848 758 749 747 638 658 649 647 838 739 737 858 849
16 749 649 739 849 759 748 639 659 648 839 738 859 848 758 638 658
16 750 760 650 751 850 740 660 761 651 860 640 851 741 840 661 861
16 751 761 651 752 750 851 741 661 762 760 652 650 861 641 852 850
16 752 762 652 753 751 852 742 662 763 761 653 651 862 642 853 851
16 753 763 653 754 752 853 743 663 764 762 654 652 863 643 854 852
16 754 764 654 753 854 755 744 664 763 653 864 765 655 644 853 743
16 755 765 756 655 855 754 745 766 665 656 865 856 764 746 654 645
16 756 766 757 755 656 856 746 767 765 666 657 655 866 857 855 747
16 757 767 756 657 857 758 747 766 667 656 867 856 768 746 658 647
16 758 768 658 858 759 757 748 668 868 769 767 659 657 648 859 857
16 759 769 659 859 758 749 669 869 768 658 649 858 849 748 668 868
16 760 770 750 660 761 860 670 650 771 751 661 870 850 861 671 651
16 761 771 751 661 762 760 861 671 651 772 770 752 750 662 660 871
16 762 772 752 662 763 761 862 672 652 773 771 753 751 663 661 872
16 763 773 753 663 764 762 863 673 653 774 772 754 752 664 662 873
16 764 774 754 664 763 864 765 674 654 773 753 663 874 854 775 755
16 765 775 766 755 665 865 764 776 756 675 666 655 875 866 855 774
16 766 776 767 765 756 666 866 777 775 757 755 676 667 665 656 876
16 767 777 766 757 667 867 768 776 756 677 666 657 877 866 857 778
16 768 778 758 668 868 769 767 678 658 878 858 779 777 759 757 669
16 769 779 759 669 869 768 679 659 879 859 778 758 668 868 678 658
16 770 760 670 771 870 780 660 761 671 860 680 871 781 880 661 861
16 771 761 671 772 770 871 781 661 762 760 672 670 861 681 872 870
16 772 762 672 773 771 872 782 662 763 761 673 671 862 682 873 871
16 773 763 673 774 772 873 783 663 764 762 674 672 863 683 874 872
16 774 764 674 773 874 784 775 664 763 673 864 765 684 675 873 783
16 775 776 765 675 875 785 774 766 676 665 876 865 786 764 685 674
16 776 777 775 766 676 876 786 767 765 677 675 666 877 875 866 787
16 777 776 767 677 877 787 778 766 676 667 876 867 786 768 687 678
16 778 768 678 878 788 779 777 668 868 769 767 688 679 677 888 879
16 779 769 679 879 789 778 669 869 768 689 678 889 878 788 668 868
16 780 680 781 880 790 770 681 690 670 881 791 771 890 870 691 671
16 781 681 782 780 881 791 771 682 680 691 671 882 880 792 790 772
16 782 682 783 781 882 792 772 683 681 692 672 883 881 793 791 773
16 783 683 784 782 883 793 773 684 682 693 673 884 882 794 792 774
16 784 684 783 884 794 785 774 683 694 685 674 883 793 773 894 885
16 785 786 685 885 795 784 775 686 886 796 776 695 684 675 895 884
16 786 787 785 686 886 796 776 687 685 887 885 797 795 777 775 696
16 787 786 687 887 797 788 777 686 886 796 776 697 688 677 897 888
16 788 688 888 798 789 787 778 698 689 687 678 898 889 887 878 799
16 789 689 889 799 788 779 699 688 679 899 888 879 798 778 698 678
16 790 690 791 890 780 691 680 891 781 880 681 881 590 792 990 770
16 791 691 792 790 891 781 692 690 681 892 890 782 780 881 682 680
16 792 692 793 791 892 782 693 691 682 893 891 783 781 882 683 681
16 793 693 794 792 893 783 694 692 683 894 892 784 782 883 684 682
16 794 694 793 894 795 784 693 695 684 893 783 895 884 785 683 685
16 795 796 695 895 794 785 696 896 786 694 685 894 885 784 686 886
16 796 797 795 696 896 786 697 695 897 895 787 785 686 886 687 685
16 797 796 697 897 798 787 696 896 786 698 687 898 887 788 686 886
16 798 698 898 799 797 788 699 697 688 899 897 888 789 787 689 687
16 799 699 899 798 789 698 689 898 889 788 688 888 599 999 797 779
16 800 810 801 900 700 811 910 901 710 701 911 711 820 802 600 821
16 801 811 802 800 901 701 812 810 911 902 900 711 702 700 912 910
16 802 812 803 801 902 702 813 811 912 903 901 712 703 701 913 911
16 803 813 804 802 903 703 814 812 913 904 902 713 704 702 914 912
16 804 814 803 904 805 704 813 914 903 815 714 703 905 705 913 713
16 805 806 815 905 804 705 816 906 706 915 814 715 904 704 916 716
16 806 807 805 816 906 706 817 815 907 905 707 705 916 716 917 915
16 807 806 817 907 808 707 816 906 706 917 818 717 908 708 916 716
16 808 818 908 809 807 708 918 819 817 718 909 907 709 707 919 917
16 809 819 909 808 709 919 818 719 908 708 918 718 829 609 807 619
16 810 820 811 800 910 710 821 801 920 911 900 720 711 700 921 901
16 811 821 812 810 801 911 711 822 820 802 800 921 912 910 901 721
16 812 822 813 811 802 912 712 823 821 803 801 922 913 911 902 722
16 813 823 814 812 803 913 713 824 822 804 802 923 914 912 903 723
16 814 824 813 804 914 815 714 823 803 924 913 904 825 805 724 713
16 815 816 825 805 915 814 715 826 806 916 716 925 905 824 804 725
16 816 817 815 826 806 916 716 827 825 807 805 917 915 717 715 926
16 817 816 827 807 917 818 717 826 806 916 716 927 907 828 808 727
16 818 828 808 918 819 817 718 928 908 829 827 809 807 728 708 919
16 819 829 809 919 818 719 929 909 828 808 729 709 918 718 928 908
16 820 830 821 810 920 720 831 811 930 921 910 730 721 710 931 911
16 821 831 822 820 811 921 721 832 830 812 810 931 922 920 911 731
16 822 832 823 821 812 922 722 833 831 813 811 932 923 921 912 732
16 823 833 824 822 813 923 723 834 832 814 812 933 924 922 913 733
16 824 834 823 814 924 825 724 833 813 934 923 914 835 815 734 723
16 825 826 835 815 925 824 725 836 816 926 726 935 915 834 814 735
16 826 827 825 836 816 926 726 837 835 817 815 927 925 727 725 936
16 827 826 837 817 927 828 727 836 816 926 726 937 917 838 818 737
16 828 838 818 928 829 827 728 938 918 839 837 819 817 738 718 929
16 829 839 819 929 828 729 939 919 838 818 739 719 928 728 938 918
16 830 840 831 820 930 730 841 821 940 931 920 740 731 720 941 921
16 831 841 832 830 821 931 731 842 840 822 820 941 932 930 921 741
16 832 842 833 831 822 932 732 843 841 823 821 942 933 931 922 742
16 833 843 834 832 823 933 733 844 842 824 822 943 934 932 923 743
16 834 844 833 824 934 835 734 843 823 944 933 924 845 825 744 733
16 835 836 845 825 935 834 735 846 826 936 736 945 925 844 824 745
16 836 837 835 846 826 936 736 847 845 827 825 937 935 737 735 946
16 837 836 847 827 937 838 737 846 826 936 736 947 927 848 828 747
16 838 848 828 938 839 837 738 948 928 849 847 829 827 748 728 939
16 839 849 829 939 838 739 949 929 848 828 749 729 938 738 948 928
16 840 841 830 940 850 740 831 941 930 851 741 730 950 750 931 731
16 841 842 840 831 941 851 741 832 830 942 940 931 852 850 742 740
16 842 843 841 832 942 852 742 833 831 943 941 932 853 851 743 741
16 843 844 842 833 943 853 743 834 832 944 942 933 854 852 744 742
16 844 843 834 944 854 845 744 833 943 934 853 835 743 734 954 945
16 845 846 835 945 855 844 745 836 946 856 746 935 834 735 955 944
16 846 847 845 836 946 856 746 837 835 947 945 857 855 747 745 936
16 847 846 837 947 857 848 747 836 946 856 746 937 838 737 957 948
16 848 838 948 858 849 847 748 938 839 837 738 958 949 947 859 857
16 849 839 949 859 848 749 939 838 739 959 948 858 759 748 938 738
16 850 860 851 950 840 750 861 960 760 951 841 751 940 740 961 761
16 851 861 852 850 951 841 751 862 860 961 761 952 950 842 840 752
16 852 862 853 851 952 842 752 863 861 962 762 953 951 843 841 753
16 853 863 854 852 953 843 753 864 862 963 763 954 952 844 842 754
16 854 864 853 954 855 844 754 863 964 865 764 953 843 753 955 944
16 855 865 856 955 854 845 755 866 965 956 864 846 765 756 954 945
16 856 866 857 855 956 846 756 867 865 966 957 955 847 845 766 757
16 857 867 856 957 858 847 757 866 967 956 868 846 767 756 958 947
16 858 868 958 859 857 848 758 968 869 867 768 959 957 948 849 847
16 859 869 959 858 849 759 969 868 769 958 949 848 758 749 968 768
16 860 870 850 861 960 760 871 851 970 950 770 750 961 761 971 951
16 861 871 851 862 860 961 761 872 870 852 850 971 951 771 751 962
16 862 872 852 863 861 962 762 873 871 853 851 972 952 772 752 963
16 863 873 853 864 862 963 763 874 872 854 852 973 953 773 753 964
16 864 874 854 863 964 865 764 873 853 974 954 875 855 774 754 963
16 865 875 866 855 965 864 765 876 856 975 966 955 874 854 775 766
16 866 876 867 865 856 966 766 877 875 857 855 976 967 965 956 776
16 867 877 866 857 967 868 767 876 856 977 966 957 878 858 777 766
16 868 878 858 968 869 867 768 978 958 879 877 859 857 778 758 969
16 869 879 859 969 868 769 979 959 878 858 779 759 968 768 978 958
16 870 860 871 970 880 770 861 960 760 971 881 771 980 780 961 761
16 871 861 872 870 971 881 771 862 860 961 761 972 970 882 880 772
16 872 862 873 871 972 882 772 863 861 962 762 973 971 883 881 773
16 873 863 874 872 973 883 773 864 862 963 763 974 972 884 882 774
16 874 864 873 974 884 875 774 863 964 865 764 973 883 773 984 975
16 875 876 865 975 885 874 775 866 976 965 886 864 776 765 985 974
16 876 877 875 866 976 886 776 867 865 977 975 966 887 885 777 775
16 877 876 867 977 887 878 777 866 976 967 886 868 776 767 987 978
16 878 868 978 888 879 877 778 968 869 867 768 988 979 977 889 887
16 879 869 979 889 878 779 969 868 769 989 978 888 789 778 968 768
16 880 881 980 890 870 780 981 891 871 781 990 970 790 770 991 971
16 881 882 880 981 891 871 781 982 980 892 890 872 870 782 780 991
16 882 883 881 982 892 872 782 983 981 893 891 873 871 783 781 992
16 883 884 882 983 893 873 783 984 982 894 892 874 872 784 782 993
16 884 883 984 894 885 874 784 983 893 873 783 994 985 974 895 875
16 885 886 985 895 884 875 785 986 896 876 786 995 984 975 894 874
16 886 887 885 986 896 876 786 987 985 897 895 877 875 787 785 996
16 887 886 987 897 888 877 787 986 896 876 786 997 988 977 898 878
16 888 988 898 889 887 878 788 998 989 987 978 899 897 879 877 798
16 889 989 899 888 879 789 999 988 979 898 878 799 788 779 998 978
16 890 891 990 880 790 991 881 791 980 780 981 781 892 690 870 691
16 891 892 890 991 881 791 992 990 882 880 792 790 981 781 982 980
16 892 893 891 992 882 792 993 991 883 881 793 791 982 782 983 981
16 893 894 892 993 883 793 994 992 884 882 794 792 983 783 984 982
16 894 893 994 895 884 794 993 883 793 995 984 885 795 784 983 783
16 895 896 995 894 885 795 996 886 796 994 985 884 794 785 986 786
16 896 897 895 996 886 796 997 995 887 885 797 795 986 786 987 985
16 897 896 997 898 887 797 996 886 796 998 987 888 798 787 986 786
16 898 998 899 897 888 798 999 997 988 889 887 799 797 788 989 987
16 899 999 898 889 799 998 989 888 798 789 988 788 699 897 879 698
16 900 910 901 800 911 810 801 811 920 902 700 921 912 820 802 710
16 901 911 902 900 801 912 910 811 802 800 812 810 921 903 701 922
16 902 912 903 901 802 913 911 812 803 801 813 811 922 904 900 702
16 903 913 904 902 803 914 912 813 804 802 814 812 923 901 905 703
16 904 914 903 905 804 913 915 814 803 805 813 815 924 906 902 704
16 905 906 915 904 805 916 806 914 815 804 816 814 907 925 903 705
16 906 907 905 916 806 917 915 807 805 816 817 815 926 908 904 706
16 907 906 917 908 807 916 806 918 817 808 816 818 905 927 909 707
16 908 918 909 907 808 919 917 818 809 807 819 817 928 906 708 916
16 909 919 908 809 918 819 808 818 929 907 709 928 829 917 719 807
16 910 920 911 900 810 921 901 820 811 800 821 801 930 912 710 931
16 911 921 912 910 901 811 922 920 902 900 821 812 810 801 822 820
16 912 922 913 911 902 812 923 921 903 901 822 813 811 802 823 821
16 913 923 914 912 903 813 924 922 904 902 823 814 812 803 824 822
16 914 924 913 904 915 814 923 903 925 905 824 813 804 815 823 803
16 915 916 925 905 914 815 926 906 816 924 904 825 805 814 826 806
16 916 917 915 926 906 816 927 925 907 905 817 815 826 806 827 825
16 917 916 927 907 918 817 926 906 816 928 908 827 807 818 826 806
16 918 928 908 919 917 818 929 927 909 907 828 808 819 817 829 827
16 919 929 909 918 819 928 908 829 809 818 828 808 939 917 719 938
16 920 930 921 910 820 931 911 830 821 810 831 811 940 922 900 720
16 921 931 922 920 911 821 932 930 912 910 831 822 820 811 832 830
16 922 932 923 921 912 822 933 931 913 911 832 823 821 812 833 831
16 923 933 924 922 913 823 934 932 914 912 833 824 822 813 834 832
16 924 934 923 914 925 824 933 913 935 915 834 823 814 825 833 813
16 925 926 935 915 924 825 936 916 826 934 914 835 815 824 836 816
16 926 927 925 936 916 826 937 935 917 915 827 825 836 816 837 835
16 927 926 937 917 928 827 936 916 826 938 918 837 817 828 836 816
16 928 938 918 929 927 828 939 937 919 917 838 818 829 827 839 837
16 929 939 919 928 829 938 918 839 819 828 838 818 949 909 927 729
16 930 940 931 920 830 941 921 840 831 820 841 821 932 910 950 730
16 931 941 932 930 921 831 942 940 922 920 841 832 830 821 842 840
16 932 942 933 931 922 832 943 941 923 921 842 833 831 822 843 841
16 933 943 934 932 923 833 944 942 924 922 843 834 832 823 844 842
16 934 944 933 924 935 834 943 923 945 925 844 833 824 835 843 823
16 935 936 945 925 934 835 946 926 836 944 924 845 825 834 846 826
16 936 937 935 946 926 836 947 945 927 925 837 835 846 826 847 845
16 937 936 947 927 938 837 946 926 836 948 928 847 827 838 846 826
16 938 948 928 939 937 838 949 947 929 927 848 828 839 837 849 847
16 939 949 929 938 839 948 928 849 829 838 848 828 919 959 937 739
16 940 941 930 950 840 931 951 841 830 850 831 851 960 942 920 740
16 941 942 940 931 951 841 932 930 952 950 842 840 831 851 832 830
16 942 943 941 932 952 842 933 931 953 951 843 841 832 852 833 831
16 943 944 942 933 953 843 934 932 954 952 844 842 833 853 834 832
16 944 943 934 954 945 844 933 953 935 843 834 955 854 845 833 853
16 945 946 935 955 944 845 936 956 846 934 835 954 855 844 836 856
16 946 947 945 936 956 846 937 935 957 955 847 845 836 856 837 835
16 947 946 937 957 948 847 936 956 846 938 837 958 857 848 836 856
16 948 938 958 949 947 848 939 937 838 959 957 858 849 847 839 837
16 949 939 959 948 849 938 839 958 859 848 838 858 969 929 947 749
16 950 960 951 940 850 961 860 941 851 840 861 841 970 952 930 750
16 951 961 952 950 941 851 962 960 861 942 940 852 850 841 862 860
16 952 962 953 951 942 852 963 961 862 943 941 853 851 842 863 861
16 953 963 954 952 943 853 964 962 863 944 942 854 852 843 864 862
16 954 964 953 955 944 854 963 965 864 943 853 945 855 844 863 865
16 955 965 956 954 945 855 966 964 946 865 856 944 854 845 866 864
16 956 966 957 955 946 856 967 965 947 945 866 857 855 846 867 865
16 957 967 956 958 947 857 966 968 946 867 856 948 858 847 866 868
16 958 968 959 957 948 858 969 967 868 949 947 859 857 848 869 867
16 959 969 958 949 859 968 869 948 858 849 868 848 979 939 957 759
16 960 970 950 961 860 971 951 870 850 861 871 851 980 962 940 760
16 961 971 951 962 960 861 972 970 952 950 871 851 862 860 872 870
16 962 972 952 963 961 862 973 971 953 951 872 852 863 861 873 871
16 963 973 953 964 962 863 974 972 954 952 873 853 864 862 874 872
16 964 974 954 963 965 864 973 953 975 955 874 854 863 865 873 853
16 965 975 966 955 964 865 976 956 974 954 875 866 855 864 876 856
16 966 976 967 965 956 866 977 975 957 955 876 867 865 856 877 875
16 967 977 966 957 968 867 976 956 978 958 877 866 857 868 876 856
16 968 978 958 969 967 868 979 977 959 957 878 858 869 867 879 877
16 969 979 959 968 869 978 958 879 859 868 878 858 989 949 967 769
16 970 960 971 980 870 961 860 981 871 880 861 881 950 972 990 770
16 971 961 972 970 981 871 962 960 861 982 980 872 870 881 862 860
16 972 962 973 971 982 872 963 961 862 983 981 873 871 882 863 861
16 973 963 974 972 983 873 964 962 863 984 982 874 872 883 864 862
16 974 964 973 984 975 874 963 965 864 983 873 985 884 875 863 865
16 975 976 965 985 974 875 966 986 964 876 865 984 885 874 866 886
16 976 977 975 966 986 876 967 965 987 985 877 875 866 886 867 865
16 977 976 967 987 978 877 966 986 968 876 867 988 887 878 866 886
16 978 968 988 979 977 878 969 967 868 989 987 888 879 877 869 867
16 979 969 989 978 879 968 869 988 889 878 868 888 959 999 977 779
16 980 981 990 970 880 991 971 881 890 870 891 871 982 960 780 961
16 981 982 980 991 971 881 992 990 972 970 882 880 891 871 892 890
16 982 983 981 992 972 882 993 991 973 971 883 881 892 872 893 891
16 983 984 982 993 973 883 994 992 974 972 884 882 893 873 894 892
16 984 983 994 985 974 884 993 973 883 995 975 894 885 874 893 873
16 985 986 995 984 975 885 996 976 886 994 974 895 884 875 896 876
16 986 987 985 996 976 886 997 995 977 975 887 885 896 876 897 895
16 987 986 997 988 977 887 996 976 886 998 978 897 888 877 896 876
16 988 998 989 987 978 888 999 997 979 977 898 889 887 878 899 897
16 989 999 988 979 889 998 978 899 888 879 898 878 969 987 789 968
16 990 991 980 890 981 891 880 881 992 970 790 982 892 971 791 870
16 991 992 990 981 891 982 980 892 890 881 882 880 993 971 791 983
16 992 993 991 982 892 983 981 893 891 882 883 881 994 990 972 792
16 993 994 992 983 893 984 982 894 892 883 884 882 991 995 973 793
16 994 993 995 984 894 983 893 985 895 884 883 885 996 992 974 794
16 995 996 994 985 895 986 896 984 894 885 886 884 997 993 975 795
16 996 997 995 986 896 987 985 897 895 886 887 885 998 994 976 796
16 997 996 998 987 897 986 896 988 898 887 886 888 995 999 977 797
16 998 999 997 988 898 989 987 899 897 888 889 887 996 978 798 986
16 999 998 989 899 988 898 889 888 997 979 799 987 978 897 879 798
