0.894427 0 -0.447214 
0.956626 0.147621 -0.251148 
0.951057 0.309017 0 
0.860696 0.442863 0.251148 
0.723607 0.525731 0.447214 
0.609548 0.442863 0.657513 
0.425325 0.309017 0.850651 
0.203183 0.147621 0.967949 
3.7494e-33 6.12323e-17 1 
0.753443 1.01061e-17 -0.657513 
0.831052 0.238856 -0.502295 
0.861803 0.425325 -0.276393 
0.809017 0.587785 6.86156e-17 
0.687157 0.681718 0.251148 
0.531939 0.681718 0.502295 
0.361803 0.587785 0.723607 
0.138197 0.425325 0.894427 
-0.0776089 0.238856 0.967949 
0.525731 2.11553e-17 -0.850651 
0.638197 0.262866 -0.723607 
0.688191 0.5 -0.525731 
0.67082 0.688191 -0.276393 
0.587785 0.809017 0 
0.447214 0.850651 0.276393 
0.262866 0.809017 0.525731 
0.0527864 0.688191 0.723607 
-0.16246 0.5 0.850651 
0.251148 3.03183e-17 -0.967949 
0.361803 0.262866 -0.894427 
0.447214 0.525731 -0.723607 
0.483974 0.716567 -0.502295 
0.436009 0.864188 -0.251148 
0.309017 0.951057 -6.86156e-17 
0.138197 0.951057 0.276393 
-0.029644 0.864188 0.502295 
-0.232827 0.716567 0.657513 
3.7494e-33 6.12323e-17 -1 
0.0776089 0.238856 -0.967949 
0.16246 0.5 -0.850651 
0.232827 0.716567 -0.657513 
0.276393 0.850651 -0.447214 
0.155218 0.955423 -0.251148 
6.12323e-17 1 0 
-0.155218 0.955423 0.251148 
-0.276393 0.850651 0.447214 
0.029644 0.864188 -0.502295 
-0.138197 0.951057 -0.276393 
-0.309017 0.951057 6.86156e-17 
-0.436009 0.864188 0.251148 
-0.483974 0.716567 0.502295 
-0.447214 0.525731 0.723607 
-0.361803 0.262866 0.894427 
-0.251148 3.07567e-17 0.967949 
-0.0527864 0.688191 -0.723607 
-0.262866 0.809017 -0.525731 
-0.447214 0.850651 -0.276393 
-0.587785 0.809017 0 
-0.67082 0.688191 0.276393 
-0.688191 0.5 0.525731 
-0.638197 0.262866 0.723607 
-0.525731 6.43835e-17 0.850651 
-0.138197 0.425325 -0.894427 
-0.361803 0.587785 -0.723607 
-0.531939 0.681718 -0.502295 
-0.687157 0.681718 -0.251148 
-0.809017 0.587785 -6.86156e-17 
-0.861803 0.425325 0.276393 
-0.831052 0.238856 0.502295 
-0.753443 9.22702e-17 0.657513 
-0.203183 0.147621 -0.967949 
-0.425325 0.309017 -0.850651 
-0.609548 0.442863 -0.657513 
-0.723607 0.525731 -0.447214 
-0.860696 0.442863 -0.251148 
-0.951057 0.309017 0 
-0.956626 0.147621 0.251148 
-0.894427 1.09536e-16 0.447214 
-0.812731 0.295242 -0.502295 
-0.947214 0.16246 -0.276393 
-1 1.22465e-16 6.86156e-17 
-0.956626 -0.147621 0.251148 
-0.831052 -0.238856 0.502295 
-0.638197 -0.262866 0.723607 
-0.361803 -0.262866 0.894427 
-0.0776089 -0.238856 0.967949 
-0.67082 0.16246 -0.723607 
-0.850651 1.04175e-16 -0.525731 
-0.947214 -0.16246 -0.276393 
-0.951057 -0.309017 0 
-0.861803 -0.425325 0.276393 
-0.688191 -0.5 0.525731 
-0.447214 -0.525731 0.723607 
-0.16246 -0.5 0.850651 
-0.447214 5.47679e-17 -0.894427 
-0.67082 -0.16246 -0.723607 
-0.812731 -0.295242 -0.502295 
-0.860696 -0.442863 -0.251148 
-0.809017 -0.587785 -6.86156e-17 
-0.67082 -0.688191 0.276393 
-0.483974 -0.716567 0.502295 
-0.232827 -0.716567 0.657513 
-0.203183 -0.147621 -0.967949 
-0.425325 -0.309017 -0.850651 
-0.609548 -0.442863 -0.657513 
-0.723607 -0.525731 -0.447214 
-0.687157 -0.681718 -0.251148 
-0.587785 -0.809017 0 
-0.436009 -0.864188 0.251148 
-0.276393 -0.850651 0.447214 
-0.531939 -0.681718 -0.502295 
-0.447214 -0.850651 -0.276393 
-0.309017 -0.951057 6.86156e-17 
-0.155218 -0.955423 0.251148 
-0.029644 -0.864188 0.502295 
0.0527864 -0.688191 0.723607 
0.138197 -0.425325 0.894427 
0.203183 -0.147621 0.967949 
-0.361803 -0.587785 -0.723607 
-0.262866 -0.809017 -0.525731 
-0.138197 -0.951057 -0.276393 
-3.82857e-16 -1 0 
0.138197 -0.951057 0.276393 
0.262866 -0.809017 0.525731 
0.361803 -0.587785 0.723607 
0.425325 -0.309017 0.850651 
-0.138197 -0.425325 -0.894427 
-0.0527864 -0.688191 -0.723607 
0.029644 -0.864188 -0.502295 
0.155218 -0.955423 -0.251148 
0.309017 -0.951057 -6.86156e-17 
0.447214 -0.850651 0.276393 
0.531939 -0.681718 0.502295 
0.609548 -0.442863 0.657513 
0.0776089 -0.238856 -0.967949 
0.16246 -0.5 -0.850651 
0.232827 -0.716567 -0.657513 
0.276393 -0.850651 -0.447214 
0.436009 -0.864188 -0.251148 
0.587785 -0.809017 0 
0.687157 -0.681718 0.251148 
0.723607 -0.525731 0.447214 
0.483974 -0.716567 -0.502295 
0.67082 -0.688191 -0.276393 
0.809017 -0.587785 6.86156e-17 
0.860696 -0.442863 0.251148 
0.812731 -0.295242 0.502295 
0.67082 -0.16246 0.723607 
0.447214 -1.71539e-16 0.894427 
0.447214 -0.525731 -0.723607 
0.688191 -0.5 -0.525731 
0.861803 -0.425325 -0.276393 
0.951057 -0.309017 0 
0.947214 -0.16246 0.276393 
0.850651 -2.61029e-16 0.525731 
0.67082 0.16246 0.723607 
0.361803 -0.262866 -0.894427 
0.638197 -0.262866 -0.723607 
0.831052 -0.238856 -0.502295 
0.956626 -0.147621 -0.251148 
1 -2.40154e-16 -6.86156e-17 
0.947214 0.16246 0.276393 
0.812731 0.295242 0.502295 
